1 0.396226 0.477947 0.237922 0.619876 0.942493
1 0.651584 0.420735 0.347948 0.577317 0.927935
1 0.397351 0.162652 0.130792 0.323317 0.914102
1 0.654782 0.228519 0.273082 0.457038 0.898919
0 0.52806 0.0704144 0.075024 0.140829 0.872335
0 0.859513 0.13745 0.162899 0.274899 0.866555
1 0.0375171 0.0513168 0.0747891 0.101993 0.834599
0 0.573784 0.0477276 0.0486919 0.0954551 0.82873
2 0.852359 0.389848 0.149987 0.264615 0.817157
1 0.86015 0.0228316 0.0580822 0.0451051 0.443262
0 0.561606 0.070404 0.069881 0.139182 0.417354
1 0.716724 0.130403 0.139724 0.258404 0.417235
6 0.859081 0.0226543 0.0573719 0.0446586 0.264482
1 0.396226 0.477947 0.237922 0.619876 0.942493
1 0.651584 0.420735 0.347948 0.577317 0.927935
1 0.397351 0.162652 0.130792 0.323317 0.914102
1 0.654782 0.228519 0.273082 0.457038 0.898919
0 0.52806 0.0704144 0.075024 0.140829 0.872335
0 0.859513 0.13745 0.162899 0.274899 0.866555
1 0.0375171 0.0513168 0.0747891 0.101993 0.834599
0 0.573784 0.0477276 0.0486919 0.0954551 0.82873
2 0.852359 0.389848 0.149987 0.264615 0.817157
1 0.86015 0.0228316 0.0580822 0.0451051 0.443262
0 0.561606 0.070404 0.069881 0.139182 0.417354
1 0.716724 0.130403 0.139724 0.258404 0.417235
6 0.859081 0.0226543 0.0573719 0.0446586 0.264482
