2 0.737897 0.481573 0.0794031 0.0710549 0.865022
0 0.446608 0.582708 0.123483 0.0854863 0.841297
6 0.244278 0.654009 0.269143 0.134878 0.826554
0 0.574328 0.511721 0.0726526 0.050821 0.8232
1 0.27988 0.564883 0.134265 0.0905793 0.735923
0 0.467673 0.514364 0.0687483 0.0363385 0.675511
5 0.945241 0.144276 0.0291046 0.0934648 0.673437
3 0.693519 0.307492 0.00753759 0.0261599 0.43183
4 0.152519 0.417879 0.0179467 0.0537699 0.32441
2 0.737897 0.481573 0.0794031 0.0710549 0.865022
0 0.446608 0.582708 0.123483 0.0854863 0.841297
6 0.244278 0.654009 0.269143 0.134878 0.826554
0 0.574328 0.511721 0.0726526 0.050821 0.8232
1 0.27988 0.564883 0.134265 0.0905793 0.735923
0 0.467673 0.514364 0.0687483 0.0363385 0.675511
5 0.945241 0.144276 0.0291046 0.0934648 0.673437
3 0.693519 0.307492 0.00753759 0.0261599 0.43183
4 0.152519 0.417879 0.0179467 0.0537699 0.32441
2 0.737897 0.481573 0.0794031 0.0710549 0.865022
0 0.446608 0.582708 0.123483 0.0854863 0.841297
6 0.244278 0.654009 0.269143 0.134878 0.826554
0 0.574328 0.511721 0.0726526 0.050821 0.8232
1 0.27988 0.564883 0.134265 0.0905793 0.735923
0 0.467673 0.514364 0.0687483 0.0363385 0.675511
5 0.945241 0.144276 0.0291046 0.0934648 0.673437
3 0.693519 0.307492 0.00753759 0.0261599 0.43183
4 0.152519 0.417879 0.0179467 0.0537699 0.32441
2 0.737897 0.481573 0.0794031 0.0710549 0.865022
0 0.446608 0.582708 0.123483 0.0854863 0.841297
6 0.244278 0.654009 0.269143 0.134878 0.826554
0 0.574328 0.511721 0.0726526 0.050821 0.8232
1 0.27988 0.564883 0.134265 0.0905793 0.735923
0 0.467673 0.514364 0.0687483 0.0363385 0.675511
5 0.945241 0.144276 0.0291046 0.0934648 0.673437
3 0.693519 0.307492 0.00753759 0.0261599 0.43183
4 0.152519 0.417879 0.0179467 0.0537699 0.32441
