6 0.45831 0.791248 0.183952 0.130744 0.912027
2 0.295087 0.713981 0.0433448 0.0499173 0.849886
4 0.946126 0.588409 0.0591007 0.124024 0.505336
6 0.45831 0.791248 0.183952 0.130744 0.912027
2 0.295087 0.713981 0.0433448 0.0499173 0.849886
4 0.946126 0.588409 0.0591007 0.124024 0.505336
6 0.45831 0.791248 0.183952 0.130744 0.912027
2 0.295087 0.713981 0.0433448 0.0499173 0.849886
4 0.946126 0.588409 0.0591007 0.124024 0.505336
6 0.45831 0.791248 0.183952 0.130744 0.912027
2 0.295087 0.713981 0.0433448 0.0499173 0.849886
4 0.946126 0.588409 0.0591007 0.124024 0.505336
