0 0.576738 0.477288 0.0859779 0.602782 0.92683
0 0.488976 0.428882 0.0688059 0.466109 0.906845
5 0.214285 0.144937 0.0205614 0.0516807 0.796419
2 0.407909 0.39311 0.0753392 0.0717475 0.767534
0 0.431157 0.443261 0.058263 0.0580579 0.572103
1 0.527415 0.389637 0.0269588 0.400568 0.353669
1 0.964332 0.138956 0.0319916 0.0428251 0.336264
0 0.576738 0.477288 0.0859779 0.602782 0.92683
0 0.488976 0.428882 0.0688059 0.466109 0.906845
5 0.214285 0.144937 0.0205614 0.0516807 0.796419
2 0.407909 0.39311 0.0753392 0.0717475 0.767534
0 0.431157 0.443261 0.058263 0.0580579 0.572103
1 0.527415 0.389637 0.0269588 0.400568 0.353669
1 0.964332 0.138956 0.0319916 0.0428251 0.336264
0 0.576738 0.477288 0.0859779 0.602782 0.92683
0 0.488976 0.428882 0.0688059 0.466109 0.906845
5 0.214285 0.144937 0.0205614 0.0516807 0.796419
2 0.407909 0.39311 0.0753392 0.0717475 0.767534
0 0.431157 0.443261 0.058263 0.0580579 0.572103
1 0.527415 0.389637 0.0269588 0.400568 0.353669
1 0.964332 0.138956 0.0319916 0.0428251 0.336264
0 0.576738 0.477288 0.0859779 0.602782 0.92683
0 0.488976 0.428882 0.0688059 0.466109 0.906845
5 0.214285 0.144937 0.0205614 0.0516807 0.796419
2 0.407909 0.39311 0.0753392 0.0717475 0.767534
0 0.431157 0.443261 0.058263 0.0580579 0.572103
1 0.527415 0.389637 0.0269588 0.400568 0.353669
1 0.964332 0.138956 0.0319916 0.0428251 0.336264
