1 0.823556 0.141447 0.191736 0.281534 0.956391
0 0.526767 0.166139 0.10918 0.331065 0.953325
0 0.625375 0.162668 0.135457 0.325336 0.933661
1 0.729751 0.0291605 0.0603673 0.0572458 0.890856
1 0.823556 0.141447 0.191736 0.281534 0.956391
0 0.526767 0.166139 0.10918 0.331065 0.953325
0 0.625375 0.162668 0.135457 0.325336 0.933661
1 0.729751 0.0291605 0.0603673 0.0572458 0.890856
1 0.823556 0.141447 0.191736 0.281534 0.956391
0 0.526767 0.166139 0.10918 0.331065 0.953325
0 0.625375 0.162668 0.135457 0.325336 0.933661
1 0.729751 0.0291605 0.0603673 0.0572458 0.890856
1 0.823556 0.141447 0.191736 0.281534 0.956391
0 0.526767 0.166139 0.10918 0.331065 0.953325
0 0.625375 0.162668 0.135457 0.325336 0.933661
1 0.729751 0.0291605 0.0603673 0.0572458 0.890856
