0 0.52508 0.792669 0.112112 0.182789 0.892272
2 0.853201 0.724957 0.061508 0.0536645 0.82584
6 0.913461 0.74722 0.106036 0.071873 0.692791
3 0.823877 0.635989 0.0121948 0.0261929 0.322481
0 0.52508 0.792669 0.112112 0.182789 0.892272
2 0.853201 0.724957 0.061508 0.0536645 0.82584
6 0.913461 0.74722 0.106036 0.071873 0.692791
3 0.823877 0.635989 0.0121948 0.0261929 0.322481
0 0.52508 0.792669 0.112112 0.182789 0.892272
2 0.853201 0.724957 0.061508 0.0536645 0.82584
6 0.913461 0.74722 0.106036 0.071873 0.692791
3 0.823877 0.635989 0.0121948 0.0261929 0.322481
0 0.52508 0.792669 0.112112 0.182789 0.892272
2 0.853201 0.724957 0.061508 0.0536645 0.82584
6 0.913461 0.74722 0.106036 0.071873 0.692791
3 0.823877 0.635989 0.0121948 0.0261929 0.322481
