1 0.501501 0.467229 0.169743 0.152352 0.961206
2 0.385492 0.403324 0.0529675 0.0652576 0.919879
4 0.842807 0.212834 0.0623592 0.189882 0.869871
6 0.0351966 0.458026 0.0700624 0.0762283 0.820993
5 0.0150311 0.174747 0.0177195 0.0386003 0.7463
5 0.504195 0.311483 0.0152221 0.0489426 0.641051
1 0.501501 0.467229 0.169743 0.152352 0.961206
2 0.385492 0.403324 0.0529675 0.0652576 0.919879
4 0.842807 0.212834 0.0623592 0.189882 0.869871
6 0.0351966 0.458026 0.0700624 0.0762283 0.820993
5 0.0150311 0.174747 0.0177195 0.0386003 0.7463
5 0.504195 0.311483 0.0152221 0.0489426 0.641051
