0 0.886583 0.421475 0.101429 0.159047 0.941568
0 0.526378 0.47343 0.151867 0.172381 0.936287
3 0.494878 0.0283892 0.0140116 0.0561859 0.453374
5 0.567607 0.0700756 0.011842 0.0348675 0.303652
0 0.886583 0.421475 0.101429 0.159047 0.941568
0 0.526378 0.47343 0.151867 0.172381 0.936287
3 0.494878 0.0283892 0.0140116 0.0561859 0.453374
5 0.567607 0.0700756 0.011842 0.0348675 0.303652
0 0.886583 0.421475 0.101429 0.159047 0.941568
0 0.526378 0.47343 0.151867 0.172381 0.936287
3 0.494878 0.0283892 0.0140116 0.0561859 0.453374
5 0.567607 0.0700756 0.011842 0.0348675 0.303652
0 0.886583 0.421475 0.101429 0.159047 0.941568
0 0.526378 0.47343 0.151867 0.172381 0.936287
3 0.494878 0.0283892 0.0140116 0.0561859 0.453374
5 0.567607 0.0700756 0.011842 0.0348675 0.303652
