2 0.233485 0.237267 0.0374475 0.0344823 0.727604
0 0.128069 0.223029 0.0311571 0.111785 0.644518
4 0.480093 0.304335 0.096187 0.40514 0.531106
0 0.177553 0.222872 0.0461096 0.0330978 0.46314
2 0.233485 0.237267 0.0374475 0.0344823 0.727604
0 0.128069 0.223029 0.0311571 0.111785 0.644518
4 0.480093 0.304335 0.096187 0.40514 0.531106
0 0.177553 0.222872 0.0461096 0.0330978 0.46314
2 0.233485 0.237267 0.0374475 0.0344823 0.727604
0 0.128069 0.223029 0.0311571 0.111785 0.644518
4 0.480093 0.304335 0.096187 0.40514 0.531106
0 0.177553 0.222872 0.0461096 0.0330978 0.46314
