2 0.728704 0.471204 0.205545 0.257278 0.943713
4 0.110054 0.0671736 0.0285882 0.0709009 0.814649
2 0.860383 0.349918 0.0776808 0.0921349 0.783058
6 0.923128 0.412935 0.149604 0.111672 0.647194
5 0.240154 0.0631123 0.0104451 0.0282778 0.645745
3 0.254075 0.0931434 0.00813236 0.0209264 0.59733
6 0.236245 0.254348 0.041912 0.0234519 0.56762
1 0.955919 0.586684 0.0881622 0.308131 0.470374
2 0.728704 0.471204 0.205545 0.257278 0.943713
4 0.110054 0.0671736 0.0285882 0.0709009 0.814649
2 0.860383 0.349918 0.0776808 0.0921349 0.783058
6 0.923128 0.412935 0.149604 0.111672 0.647194
5 0.240154 0.0631123 0.0104451 0.0282778 0.645745
3 0.254075 0.0931434 0.00813236 0.0209264 0.59733
6 0.236245 0.254348 0.041912 0.0234519 0.56762
1 0.955919 0.586684 0.0881622 0.308131 0.470374
