6 0.417114 0.602866 0.186504 0.284598 0.905448
1 0.0475711 0.342582 0.0951421 0.221293 0.836418
6 0.329 0.35298 0.105641 0.0681138 0.826894
6 0.417114 0.602866 0.186504 0.284598 0.905448
1 0.0475711 0.342582 0.0951421 0.221293 0.836418
6 0.329 0.35298 0.105641 0.0681138 0.826894
6 0.417114 0.602866 0.186504 0.284598 0.905448
1 0.0475711 0.342582 0.0951421 0.221293 0.836418
6 0.329 0.35298 0.105641 0.0681138 0.826894
6 0.417114 0.602866 0.186504 0.284598 0.905448
1 0.0475711 0.342582 0.0951421 0.221293 0.836418
6 0.329 0.35298 0.105641 0.0681138 0.826894
