5 0.326677 0.300026 0.191826 0.359722 0.958019
3 0.485827 0.427021 0.0826122 0.200517 0.858203
5 0.486198 0.427694 0.0823209 0.200112 0.646964
5 0.326677 0.300026 0.191826 0.359722 0.958019
3 0.485827 0.427021 0.0826122 0.200517 0.858203
5 0.486198 0.427694 0.0823209 0.200112 0.646964
5 0.326677 0.300026 0.191826 0.359722 0.958019
3 0.485827 0.427021 0.0826122 0.200517 0.858203
5 0.486198 0.427694 0.0823209 0.200112 0.646964
5 0.326677 0.300026 0.191826 0.359722 0.958019
3 0.485827 0.427021 0.0826122 0.200517 0.858203
5 0.486198 0.427694 0.0823209 0.200112 0.646964
