1 0.0972729 0.333537 0.0273019 0.131097 0.882957
1 0.033042 0.418942 0.0654363 0.0552956 0.8347
1 0.0551444 0.330327 0.0265584 0.134876 0.822534
0 0.476146 0.582371 0.123525 0.225483 0.783883
1 0.0195397 0.323577 0.0340411 0.137585 0.739452
4 0.291513 0.268613 0.0182992 0.0479411 0.712559
0 0.182089 0.343814 0.0181688 0.100199 0.61664
0 0.135821 0.346085 0.0163718 0.0936201 0.438851
5 0.383105 0.243768 0.00951757 0.0304491 0.413884
1 0.0722297 0.33184 0.0209977 0.129218 0.388541
1 0.483398 0.390071 0.0203871 0.0253496 0.285167
1 0.0972729 0.333537 0.0273019 0.131097 0.882957
1 0.033042 0.418942 0.0654363 0.0552956 0.8347
1 0.0551444 0.330327 0.0265584 0.134876 0.822534
0 0.476146 0.582371 0.123525 0.225483 0.783883
1 0.0195397 0.323577 0.0340411 0.137585 0.739452
4 0.291513 0.268613 0.0182992 0.0479411 0.712559
0 0.182089 0.343814 0.0181688 0.100199 0.61664
0 0.135821 0.346085 0.0163718 0.0936201 0.438851
5 0.383105 0.243768 0.00951757 0.0304491 0.413884
1 0.0722297 0.33184 0.0209977 0.129218 0.388541
1 0.483398 0.390071 0.0203871 0.0253496 0.285167
1 0.0972729 0.333537 0.0273019 0.131097 0.882957
1 0.033042 0.418942 0.0654363 0.0552956 0.8347
1 0.0551444 0.330327 0.0265584 0.134876 0.822534
0 0.476146 0.582371 0.123525 0.225483 0.783883
1 0.0195397 0.323577 0.0340411 0.137585 0.739452
4 0.291513 0.268613 0.0182992 0.0479411 0.712559
0 0.182089 0.343814 0.0181688 0.100199 0.61664
0 0.135821 0.346085 0.0163718 0.0936201 0.438851
5 0.383105 0.243768 0.00951757 0.0304491 0.413884
1 0.0722297 0.33184 0.0209977 0.129218 0.388541
1 0.483398 0.390071 0.0203871 0.0253496 0.285167
1 0.0972729 0.333537 0.0273019 0.131097 0.882957
1 0.033042 0.418942 0.0654363 0.0552956 0.8347
1 0.0551444 0.330327 0.0265584 0.134876 0.822534
0 0.476146 0.582371 0.123525 0.225483 0.783883
1 0.0195397 0.323577 0.0340411 0.137585 0.739452
4 0.291513 0.268613 0.0182992 0.0479411 0.712559
0 0.182089 0.343814 0.0181688 0.100199 0.61664
0 0.135821 0.346085 0.0163718 0.0936201 0.438851
5 0.383105 0.243768 0.00951757 0.0304491 0.413884
1 0.0722297 0.33184 0.0209977 0.129218 0.388541
1 0.483398 0.390071 0.0203871 0.0253496 0.285167
