0 0.279498 0.283922 0.228964 0.566904 0.974144
1 0.486127 0.104437 0.0922256 0.206138 0.950702
0 0.370103 0.213295 0.163329 0.426591 0.94549
2 0.0871607 0.0231216 0.0409527 0.0442308 0.881375
1 0.0343187 0.0234622 0.0503007 0.0447882 0.858052
0 0.0483978 0.363419 0.096403 0.389554 0.857609
2 0.0210058 0.0969554 0.0420116 0.105238 0.819828
1 0.431687 0.0565484 0.0455432 0.111198 0.638824
0 0.279498 0.283922 0.228964 0.566904 0.974144
1 0.486127 0.104437 0.0922256 0.206138 0.950702
0 0.370103 0.213295 0.163329 0.426591 0.94549
2 0.0871607 0.0231216 0.0409527 0.0442308 0.881375
1 0.0343187 0.0234622 0.0503007 0.0447882 0.858052
0 0.0483978 0.363419 0.096403 0.389554 0.857609
2 0.0210058 0.0969554 0.0420116 0.105238 0.819828
1 0.431687 0.0565484 0.0455432 0.111198 0.638824
0 0.279498 0.283922 0.228964 0.566904 0.974144
1 0.486127 0.104437 0.0922256 0.206138 0.950702
0 0.370103 0.213295 0.163329 0.426591 0.94549
2 0.0871607 0.0231216 0.0409527 0.0442308 0.881375
1 0.0343187 0.0234622 0.0503007 0.0447882 0.858052
0 0.0483978 0.363419 0.096403 0.389554 0.857609
2 0.0210058 0.0969554 0.0420116 0.105238 0.819828
1 0.431687 0.0565484 0.0455432 0.111198 0.638824
0 0.279498 0.283922 0.228964 0.566904 0.974144
1 0.486127 0.104437 0.0922256 0.206138 0.950702
0 0.370103 0.213295 0.163329 0.426591 0.94549
2 0.0871607 0.0231216 0.0409527 0.0442308 0.881375
1 0.0343187 0.0234622 0.0503007 0.0447882 0.858052
0 0.0483978 0.363419 0.096403 0.389554 0.857609
2 0.0210058 0.0969554 0.0420116 0.105238 0.819828
1 0.431687 0.0565484 0.0455432 0.111198 0.638824
