0 0.469708 0.66339 0.148452 0.506792 0.948778
2 0.530645 0.179562 0.0540741 0.0920227 0.841617
1 0.466131 0.0866167 0.0463988 0.0271015 0.706325
0 0.4189 0.087355 0.0622666 0.0373523 0.705224
0 0.469708 0.66339 0.148452 0.506792 0.948778
2 0.530645 0.179562 0.0540741 0.0920227 0.841617
1 0.466131 0.0866167 0.0463988 0.0271015 0.706325
0 0.4189 0.087355 0.0622666 0.0373523 0.705224
0 0.469708 0.66339 0.148452 0.506792 0.948778
2 0.530645 0.179562 0.0540741 0.0920227 0.841617
1 0.466131 0.0866167 0.0463988 0.0271015 0.706325
0 0.4189 0.087355 0.0622666 0.0373523 0.705224
0 0.469708 0.66339 0.148452 0.506792 0.948778
2 0.530645 0.179562 0.0540741 0.0920227 0.841617
1 0.466131 0.0866167 0.0463988 0.0271015 0.706325
0 0.4189 0.087355 0.0622666 0.0373523 0.705224
