1 0.768983 0.22782 0.321627 0.455639 0.977146
1 0.522044 0.201688 0.179033 0.403377 0.89777
1 0.976533 0.062849 0.0355949 0.124251 0.280228
1 0.768983 0.22782 0.321627 0.455639 0.977146
1 0.522044 0.201688 0.179033 0.403377 0.89777
1 0.976533 0.062849 0.0355949 0.124251 0.280228
1 0.768983 0.22782 0.321627 0.455639 0.977146
1 0.522044 0.201688 0.179033 0.403377 0.89777
1 0.976533 0.062849 0.0355949 0.124251 0.280228
1 0.768983 0.22782 0.321627 0.455639 0.977146
1 0.522044 0.201688 0.179033 0.403377 0.89777
1 0.976533 0.062849 0.0355949 0.124251 0.280228
