1 0.183439 0.555706 0.366487 0.888588 0.947967
0 0.495904 0.327149 0.0656483 0.467035 0.945446
2 0.30658 0.19552 0.0502326 0.075965 0.922775
2 0.63151 0.247958 0.0840483 0.0807265 0.886372
1 0.117637 0.877043 0.233514 0.245914 0.673873
1 0.0925279 0.184212 0.180995 0.212885 0.494576
0 0.355583 0.13954 0.0209583 0.0503919 0.474135
1 0.183439 0.555706 0.366487 0.888588 0.947967
0 0.495904 0.327149 0.0656483 0.467035 0.945446
2 0.30658 0.19552 0.0502326 0.075965 0.922775
2 0.63151 0.247958 0.0840483 0.0807265 0.886372
1 0.117637 0.877043 0.233514 0.245914 0.673873
1 0.0925279 0.184212 0.180995 0.212885 0.494576
0 0.355583 0.13954 0.0209583 0.0503919 0.474135
1 0.183439 0.555706 0.366487 0.888588 0.947967
0 0.495904 0.327149 0.0656483 0.467035 0.945446
2 0.30658 0.19552 0.0502326 0.075965 0.922775
2 0.63151 0.247958 0.0840483 0.0807265 0.886372
1 0.117637 0.877043 0.233514 0.245914 0.673873
1 0.0925279 0.184212 0.180995 0.212885 0.494576
0 0.355583 0.13954 0.0209583 0.0503919 0.474135
1 0.183439 0.555706 0.366487 0.888588 0.947967
0 0.495904 0.327149 0.0656483 0.467035 0.945446
2 0.30658 0.19552 0.0502326 0.075965 0.922775
2 0.63151 0.247958 0.0840483 0.0807265 0.886372
1 0.117637 0.877043 0.233514 0.245914 0.673873
1 0.0925279 0.184212 0.180995 0.212885 0.494576
0 0.355583 0.13954 0.0209583 0.0503919 0.474135
