1 0.564461 0.487623 0.280242 0.732478 0.971482
1 0.830005 0.333281 0.339544 0.666562 0.96968
1 0.879561 0.790907 0.240878 0.408382 0.94302
0 0.788465 0.0974147 0.108771 0.191364 0.933019
6 0.287036 0.264753 0.164969 0.254352 0.91582
0 0.496716 0.156658 0.0889295 0.310926 0.83808
1 0.564461 0.487623 0.280242 0.732478 0.971482
1 0.830005 0.333281 0.339544 0.666562 0.96968
1 0.879561 0.790907 0.240878 0.408382 0.94302
0 0.788465 0.0974147 0.108771 0.191364 0.933019
6 0.287036 0.264753 0.164969 0.254352 0.91582
0 0.496716 0.156658 0.0889295 0.310926 0.83808
