0 0.677075 0.704503 0.376999 0.182634 0.923981
5 0.170859 0.228526 0.0212235 0.0498227 0.907471
1 0.744951 0.362193 0.049511 0.0574295 0.850727
0 0.831867 0.385498 0.0382122 0.0473304 0.840919
0 0.501698 0.276667 0.0349882 0.26368 0.840895
0 0.550873 0.272987 0.0386183 0.29163 0.822326
0 0.677548 0.367238 0.0431278 0.0244495 0.482118
0 0.677075 0.704503 0.376999 0.182634 0.923981
5 0.170859 0.228526 0.0212235 0.0498227 0.907471
1 0.744951 0.362193 0.049511 0.0574295 0.850727
0 0.831867 0.385498 0.0382122 0.0473304 0.840919
0 0.501698 0.276667 0.0349882 0.26368 0.840895
0 0.550873 0.272987 0.0386183 0.29163 0.822326
0 0.677548 0.367238 0.0431278 0.0244495 0.482118
0 0.677075 0.704503 0.376999 0.182634 0.923981
5 0.170859 0.228526 0.0212235 0.0498227 0.907471
1 0.744951 0.362193 0.049511 0.0574295 0.850727
0 0.831867 0.385498 0.0382122 0.0473304 0.840919
0 0.501698 0.276667 0.0349882 0.26368 0.840895
0 0.550873 0.272987 0.0386183 0.29163 0.822326
0 0.677548 0.367238 0.0431278 0.0244495 0.482118
0 0.677075 0.704503 0.376999 0.182634 0.923981
5 0.170859 0.228526 0.0212235 0.0498227 0.907471
1 0.744951 0.362193 0.049511 0.0574295 0.850727
0 0.831867 0.385498 0.0382122 0.0473304 0.840919
0 0.501698 0.276667 0.0349882 0.26368 0.840895
0 0.550873 0.272987 0.0386183 0.29163 0.822326
0 0.677548 0.367238 0.0431278 0.0244495 0.482118
