6 0.520203 0.735429 0.157282 0.255065 0.905664
2 0.725255 0.455253 0.049316 0.0474648 0.824249
5 0.813207 0.446755 0.0128345 0.0266813 0.702728
6 0.631742 0.491205 0.0775034 0.0374129 0.589048
6 0.520203 0.735429 0.157282 0.255065 0.905664
2 0.725255 0.455253 0.049316 0.0474648 0.824249
5 0.813207 0.446755 0.0128345 0.0266813 0.702728
6 0.631742 0.491205 0.0775034 0.0374129 0.589048
6 0.520203 0.735429 0.157282 0.255065 0.905664
2 0.725255 0.455253 0.049316 0.0474648 0.824249
5 0.813207 0.446755 0.0128345 0.0266813 0.702728
6 0.631742 0.491205 0.0775034 0.0374129 0.589048
6 0.520203 0.735429 0.157282 0.255065 0.905664
2 0.725255 0.455253 0.049316 0.0474648 0.824249
5 0.813207 0.446755 0.0128345 0.0266813 0.702728
6 0.631742 0.491205 0.0775034 0.0374129 0.589048
