6 0.591819 0.514021 0.202683 0.117251 0.909326
2 0.958299 0.554714 0.0833656 0.230472 0.88906
5 0.0560228 0.311657 0.0151129 0.0342199 0.881594
1 0.063515 0.445611 0.12703 0.0926595 0.844162
0 0.275543 0.416546 0.0641307 0.0370207 0.796318
1 0.346521 0.405161 0.0636434 0.0365406 0.777514
4 0.455671 0.2453 0.01687 0.054194 0.646525
0 0.0934091 0.446738 0.186091 0.0923219 0.603007
0 0.131608 0.345938 0.0134942 0.106028 0.559863
0 0.481737 0.402982 0.0470538 0.0287776 0.507928
0 0.15105 0.434576 0.0905828 0.0560059 0.347658
2 0.88086 0.425058 0.0620798 0.0367032 0.312642
5 0.309618 0.248788 0.011996 0.0338078 0.259253
6 0.591819 0.514021 0.202683 0.117251 0.909326
2 0.958299 0.554714 0.0833656 0.230472 0.88906
5 0.0560228 0.311657 0.0151129 0.0342199 0.881594
1 0.063515 0.445611 0.12703 0.0926595 0.844162
0 0.275543 0.416546 0.0641307 0.0370207 0.796318
1 0.346521 0.405161 0.0636434 0.0365406 0.777514
4 0.455671 0.2453 0.01687 0.054194 0.646525
0 0.0934091 0.446738 0.186091 0.0923219 0.603007
0 0.131608 0.345938 0.0134942 0.106028 0.559863
0 0.481737 0.402982 0.0470538 0.0287776 0.507928
0 0.15105 0.434576 0.0905828 0.0560059 0.347658
2 0.88086 0.425058 0.0620798 0.0367032 0.312642
5 0.309618 0.248788 0.011996 0.0338078 0.259253
6 0.591819 0.514021 0.202683 0.117251 0.909326
2 0.958299 0.554714 0.0833656 0.230472 0.88906
5 0.0560228 0.311657 0.0151129 0.0342199 0.881594
1 0.063515 0.445611 0.12703 0.0926595 0.844162
0 0.275543 0.416546 0.0641307 0.0370207 0.796318
1 0.346521 0.405161 0.0636434 0.0365406 0.777514
4 0.455671 0.2453 0.01687 0.054194 0.646525
0 0.0934091 0.446738 0.186091 0.0923219 0.603007
0 0.131608 0.345938 0.0134942 0.106028 0.559863
0 0.481737 0.402982 0.0470538 0.0287776 0.507928
0 0.15105 0.434576 0.0905828 0.0560059 0.347658
2 0.88086 0.425058 0.0620798 0.0367032 0.312642
5 0.309618 0.248788 0.011996 0.0338078 0.259253
6 0.591819 0.514021 0.202683 0.117251 0.909326
2 0.958299 0.554714 0.0833656 0.230472 0.88906
5 0.0560228 0.311657 0.0151129 0.0342199 0.881594
1 0.063515 0.445611 0.12703 0.0926595 0.844162
0 0.275543 0.416546 0.0641307 0.0370207 0.796318
1 0.346521 0.405161 0.0636434 0.0365406 0.777514
4 0.455671 0.2453 0.01687 0.054194 0.646525
0 0.0934091 0.446738 0.186091 0.0923219 0.603007
0 0.131608 0.345938 0.0134942 0.106028 0.559863
0 0.481737 0.402982 0.0470538 0.0287776 0.507928
0 0.15105 0.434576 0.0905828 0.0560059 0.347658
2 0.88086 0.425058 0.0620798 0.0367032 0.312642
5 0.309618 0.248788 0.011996 0.0338078 0.259253
