1 0.355923 0.584742 0.40297 0.644928 0.958856
1 0.201983 0.140957 0.223972 0.28109 0.955097
1 0.138837 0.281504 0.277674 0.563008 0.93864
1 0.0593523 0.535459 0.117517 0.409404 0.851676
1 0.355923 0.584742 0.40297 0.644928 0.958856
1 0.201983 0.140957 0.223972 0.28109 0.955097
1 0.138837 0.281504 0.277674 0.563008 0.93864
1 0.0593523 0.535459 0.117517 0.409404 0.851676
1 0.355923 0.584742 0.40297 0.644928 0.958856
1 0.201983 0.140957 0.223972 0.28109 0.955097
1 0.138837 0.281504 0.277674 0.563008 0.93864
1 0.0593523 0.535459 0.117517 0.409404 0.851676
1 0.355923 0.584742 0.40297 0.644928 0.958856
1 0.201983 0.140957 0.223972 0.28109 0.955097
1 0.138837 0.281504 0.277674 0.563008 0.93864
1 0.0593523 0.535459 0.117517 0.409404 0.851676
