1 0.565995 0.317837 0.223977 0.630045 0.978562
1 0.192255 0.407347 0.362105 0.809902 0.955028
1 0.90024 0.796727 0.198455 0.404876 0.445847
0 0.910411 0.735576 0.179178 0.528848 0.274085
0 0.0471212 0.735197 0.0942424 0.529607 0.257027
1 0.565995 0.317837 0.223977 0.630045 0.978562
1 0.192255 0.407347 0.362105 0.809902 0.955028
1 0.90024 0.796727 0.198455 0.404876 0.445847
0 0.910411 0.735576 0.179178 0.528848 0.274085
0 0.0471212 0.735197 0.0942424 0.529607 0.257027
1 0.565995 0.317837 0.223977 0.630045 0.978562
1 0.192255 0.407347 0.362105 0.809902 0.955028
1 0.90024 0.796727 0.198455 0.404876 0.445847
0 0.910411 0.735576 0.179178 0.528848 0.274085
0 0.0471212 0.735197 0.0942424 0.529607 0.257027
1 0.565995 0.317837 0.223977 0.630045 0.978562
1 0.192255 0.407347 0.362105 0.809902 0.955028
1 0.90024 0.796727 0.198455 0.404876 0.445847
0 0.910411 0.735576 0.179178 0.528848 0.274085
0 0.0471212 0.735197 0.0942424 0.529607 0.257027
