0 0.803198 0.131449 0.142742 0.258636 0.955017
0 0.537955 0.339731 0.10103 0.361185 0.951927
0 0.577817 0.185606 0.0951433 0.367204 0.91643
1 0.828932 0.879637 0.341635 0.240726 0.402522
1 0.0220351 0.154569 0.0440649 0.303804 0.362777
0 0.803198 0.131449 0.142742 0.258636 0.955017
0 0.537955 0.339731 0.10103 0.361185 0.951927
0 0.577817 0.185606 0.0951433 0.367204 0.91643
1 0.828932 0.879637 0.341635 0.240726 0.402522
1 0.0220351 0.154569 0.0440649 0.303804 0.362777
0 0.803198 0.131449 0.142742 0.258636 0.955017
0 0.537955 0.339731 0.10103 0.361185 0.951927
0 0.577817 0.185606 0.0951433 0.367204 0.91643
1 0.828932 0.879637 0.341635 0.240726 0.402522
1 0.0220351 0.154569 0.0440649 0.303804 0.362777
0 0.803198 0.131449 0.142742 0.258636 0.955017
0 0.537955 0.339731 0.10103 0.361185 0.951927
0 0.577817 0.185606 0.0951433 0.367204 0.91643
1 0.828932 0.879637 0.341635 0.240726 0.402522
1 0.0220351 0.154569 0.0440649 0.303804 0.362777
