0 0.554261 0.901474 0.108041 0.196796 0.938987
2 0.213592 0.633103 0.180906 0.354867 0.448995
2 0.497984 0.058233 0.134567 0.11563 0.308698
0 0.554261 0.901474 0.108041 0.196796 0.938987
2 0.213592 0.633103 0.180906 0.354867 0.448995
2 0.497984 0.058233 0.134567 0.11563 0.308698
0 0.554261 0.901474 0.108041 0.196796 0.938987
2 0.213592 0.633103 0.180906 0.354867 0.448995
2 0.497984 0.058233 0.134567 0.11563 0.308698
0 0.554261 0.901474 0.108041 0.196796 0.938987
2 0.213592 0.633103 0.180906 0.354867 0.448995
2 0.497984 0.058233 0.134567 0.11563 0.308698
