1 0.501945 0.854789 0.233391 0.290422 0.906517
1 0.774744 0.816063 0.0459675 0.171237 0.831695
2 0.377944 0.92807 0.0288524 0.0623741 0.817421
2 0.707616 0.94062 0.0422761 0.11536 0.743923
0 0.247331 0.871545 0.0513135 0.0202406 0.741123
0 0.640411 0.840608 0.0208981 0.131185 0.719638
1 0.719977 0.814146 0.0303671 0.152239 0.699681
0 0.280086 0.889361 0.0491576 0.0268802 0.690554
0 0.726598 0.833973 0.0265867 0.194125 0.585759
0 0.748983 0.84467 0.0271688 0.161957 0.486265
1 0.757502 0.810268 0.022714 0.155676 0.409705
4 0.358186 0.688723 0.0113966 0.0370789 0.346534
6 0.362668 0.829203 0.0152182 0.0225416 0.326932
1 0.74487 0.825263 0.0174959 0.136078 0.287431
1 0.280883 0.889618 0.0505829 0.0281742 0.254497
1 0.501945 0.854789 0.233391 0.290422 0.906517
1 0.774744 0.816063 0.0459675 0.171237 0.831695
2 0.377944 0.92807 0.0288524 0.0623741 0.817421
2 0.707616 0.94062 0.0422761 0.11536 0.743923
0 0.247331 0.871545 0.0513135 0.0202406 0.741123
0 0.640411 0.840608 0.0208981 0.131185 0.719638
1 0.719977 0.814146 0.0303671 0.152239 0.699681
0 0.280086 0.889361 0.0491576 0.0268802 0.690554
0 0.726598 0.833973 0.0265867 0.194125 0.585759
0 0.748983 0.84467 0.0271688 0.161957 0.486265
1 0.757502 0.810268 0.022714 0.155676 0.409705
4 0.358186 0.688723 0.0113966 0.0370789 0.346534
6 0.362668 0.829203 0.0152182 0.0225416 0.326932
1 0.74487 0.825263 0.0174959 0.136078 0.287431
1 0.280883 0.889618 0.0505829 0.0281742 0.254497
