6 0.43103 0.569771 0.204615 0.372431 0.88319
0 0.32537 0.160361 0.0219245 0.10755 0.709255
6 0.0372471 0.298172 0.0569132 0.0452859 0.561368
1 0.0094181 0.353105 0.0188362 0.0469676 0.339562
1 0.19842 0.296767 0.0318806 0.0462768 0.3153
1 0.0343454 0.300627 0.0582835 0.0506826 0.310368
1 0.244518 0.224753 0.0453996 0.0316049 0.27826
6 0.43103 0.569771 0.204615 0.372431 0.88319
0 0.32537 0.160361 0.0219245 0.10755 0.709255
6 0.0372471 0.298172 0.0569132 0.0452859 0.561368
1 0.0094181 0.353105 0.0188362 0.0469676 0.339562
1 0.19842 0.296767 0.0318806 0.0462768 0.3153
1 0.0343454 0.300627 0.0582835 0.0506826 0.310368
1 0.244518 0.224753 0.0453996 0.0316049 0.27826
6 0.43103 0.569771 0.204615 0.372431 0.88319
0 0.32537 0.160361 0.0219245 0.10755 0.709255
6 0.0372471 0.298172 0.0569132 0.0452859 0.561368
1 0.0094181 0.353105 0.0188362 0.0469676 0.339562
1 0.19842 0.296767 0.0318806 0.0462768 0.3153
1 0.0343454 0.300627 0.0582835 0.0506826 0.310368
1 0.244518 0.224753 0.0453996 0.0316049 0.27826
6 0.43103 0.569771 0.204615 0.372431 0.88319
0 0.32537 0.160361 0.0219245 0.10755 0.709255
6 0.0372471 0.298172 0.0569132 0.0452859 0.561368
1 0.0094181 0.353105 0.0188362 0.0469676 0.339562
1 0.19842 0.296767 0.0318806 0.0462768 0.3153
1 0.0343454 0.300627 0.0582835 0.0506826 0.310368
1 0.244518 0.224753 0.0453996 0.0316049 0.27826
