1 0.616894 0.24767 0.111738 0.49534 0.917224
1 0.480067 0.287439 0.133964 0.570713 0.860931
1 0.422819 0.186767 0.0653818 0.37187 0.318468
1 0.616894 0.24767 0.111738 0.49534 0.917224
1 0.480067 0.287439 0.133964 0.570713 0.860931
1 0.422819 0.186767 0.0653818 0.37187 0.318468
1 0.616894 0.24767 0.111738 0.49534 0.917224
1 0.480067 0.287439 0.133964 0.570713 0.860931
1 0.422819 0.186767 0.0653818 0.37187 0.318468
1 0.616894 0.24767 0.111738 0.49534 0.917224
1 0.480067 0.287439 0.133964 0.570713 0.860931
1 0.422819 0.186767 0.0653818 0.37187 0.318468
