1 0.654922 0.228408 0.162624 0.456816 0.948593
1 0.852462 0.242446 0.290655 0.479053 0.94418
1 0.501753 0.326954 0.193412 0.649395 0.924625
1 0.830062 0.459559 0.339028 0.914651 0.918847
0 0.0893036 0.476489 0.178607 0.39946 0.886876
1 0.654922 0.228408 0.162624 0.456816 0.948593
1 0.852462 0.242446 0.290655 0.479053 0.94418
1 0.501753 0.326954 0.193412 0.649395 0.924625
1 0.830062 0.459559 0.339028 0.914651 0.918847
0 0.0893036 0.476489 0.178607 0.39946 0.886876
1 0.654922 0.228408 0.162624 0.456816 0.948593
1 0.852462 0.242446 0.290655 0.479053 0.94418
1 0.501753 0.326954 0.193412 0.649395 0.924625
1 0.830062 0.459559 0.339028 0.914651 0.918847
0 0.0893036 0.476489 0.178607 0.39946 0.886876
1 0.654922 0.228408 0.162624 0.456816 0.948593
1 0.852462 0.242446 0.290655 0.479053 0.94418
1 0.501753 0.326954 0.193412 0.649395 0.924625
1 0.830062 0.459559 0.339028 0.914651 0.918847
0 0.0893036 0.476489 0.178607 0.39946 0.886876
