0 0.550204 0.342999 0.107608 0.334702 0.957998
0 0.480779 0.561161 0.124667 0.208436 0.957943
6 0.327244 0.370304 0.119467 0.385823 0.927096
0 0.938957 0.574133 0.122087 0.169824 0.730926
0 0.550204 0.342999 0.107608 0.334702 0.957998
0 0.480779 0.561161 0.124667 0.208436 0.957943
6 0.327244 0.370304 0.119467 0.385823 0.927096
0 0.938957 0.574133 0.122087 0.169824 0.730926
0 0.550204 0.342999 0.107608 0.334702 0.957998
0 0.480779 0.561161 0.124667 0.208436 0.957943
6 0.327244 0.370304 0.119467 0.385823 0.927096
0 0.938957 0.574133 0.122087 0.169824 0.730926
0 0.550204 0.342999 0.107608 0.334702 0.957998
0 0.480779 0.561161 0.124667 0.208436 0.957943
6 0.327244 0.370304 0.119467 0.385823 0.927096
0 0.938957 0.574133 0.122087 0.169824 0.730926
