1 0.490205 0.22994 0.269907 0.459586 0.978661
1 0.961891 0.147165 0.0762178 0.29433 0.857576
1 0.754058 0.021634 0.12045 0.0429441 0.613315
1 0.964238 0.607666 0.0708879 0.42573 0.335007
1 0.490205 0.22994 0.269907 0.459586 0.978661
1 0.961891 0.147165 0.0762178 0.29433 0.857576
1 0.754058 0.021634 0.12045 0.0429441 0.613315
1 0.964238 0.607666 0.0708879 0.42573 0.335007
1 0.490205 0.22994 0.269907 0.459586 0.978661
1 0.961891 0.147165 0.0762178 0.29433 0.857576
1 0.754058 0.021634 0.12045 0.0429441 0.613315
1 0.964238 0.607666 0.0708879 0.42573 0.335007
1 0.490205 0.22994 0.269907 0.459586 0.978661
1 0.961891 0.147165 0.0762178 0.29433 0.857576
1 0.754058 0.021634 0.12045 0.0429441 0.613315
1 0.964238 0.607666 0.0708879 0.42573 0.335007
