0 0.422899 0.269755 0.065408 0.454251 0.937717
0 0.537636 0.264837 0.0591137 0.466403 0.921339
4 0.252295 0.124177 0.0356615 0.113245 0.755301
3 0.969057 0.0190631 0.0176094 0.0359589 0.370989
0 0.422899 0.269755 0.065408 0.454251 0.937717
0 0.537636 0.264837 0.0591137 0.466403 0.921339
4 0.252295 0.124177 0.0356615 0.113245 0.755301
3 0.969057 0.0190631 0.0176094 0.0359589 0.370989
0 0.422899 0.269755 0.065408 0.454251 0.937717
0 0.537636 0.264837 0.0591137 0.466403 0.921339
4 0.252295 0.124177 0.0356615 0.113245 0.755301
3 0.969057 0.0190631 0.0176094 0.0359589 0.370989
0 0.422899 0.269755 0.065408 0.454251 0.937717
0 0.537636 0.264837 0.0591137 0.466403 0.921339
4 0.252295 0.124177 0.0356615 0.113245 0.755301
3 0.969057 0.0190631 0.0176094 0.0359589 0.370989
