0 0.407532 0.789504 0.289975 0.420992 0.984512
1 0.506694 0.204321 0.0562691 0.0279616 0.830677
4 0.110763 0.0653003 0.0324921 0.0696677 0.731657
2 0.375975 0.203643 0.0253053 0.0317928 0.486224
0 0.571207 0.238743 0.0227335 0.051779 0.445291
0 0.432346 0.199226 0.0364262 0.0136521 0.3381
1 0.556492 0.22888 0.0430872 0.042487 0.267247
0 0.407532 0.789504 0.289975 0.420992 0.984512
1 0.506694 0.204321 0.0562691 0.0279616 0.830677
4 0.110763 0.0653003 0.0324921 0.0696677 0.731657
2 0.375975 0.203643 0.0253053 0.0317928 0.486224
0 0.571207 0.238743 0.0227335 0.051779 0.445291
0 0.432346 0.199226 0.0364262 0.0136521 0.3381
1 0.556492 0.22888 0.0430872 0.042487 0.267247
