1 0.49295 0.315275 0.340327 0.627867 0.960571
1 0.200046 0.173507 0.253381 0.345583 0.95854
0 0.080337 0.865689 0.159383 0.267588 0.63287
1 0.49295 0.315275 0.340327 0.627867 0.960571
1 0.200046 0.173507 0.253381 0.345583 0.95854
0 0.080337 0.865689 0.159383 0.267588 0.63287
1 0.49295 0.315275 0.340327 0.627867 0.960571
1 0.200046 0.173507 0.253381 0.345583 0.95854
0 0.080337 0.865689 0.159383 0.267588 0.63287
1 0.49295 0.315275 0.340327 0.627867 0.960571
1 0.200046 0.173507 0.253381 0.345583 0.95854
0 0.080337 0.865689 0.159383 0.267588 0.63287
