0 0.500043 0.203313 0.183318 0.405731 0.778695
1 0.500262 0.201522 0.183207 0.403045 0.767508
1 0.277379 0.171474 0.219855 0.338136 0.663966
0 0.500043 0.203313 0.183318 0.405731 0.778695
1 0.500262 0.201522 0.183207 0.403045 0.767508
1 0.277379 0.171474 0.219855 0.338136 0.663966
0 0.500043 0.203313 0.183318 0.405731 0.778695
1 0.500262 0.201522 0.183207 0.403045 0.767508
1 0.277379 0.171474 0.219855 0.338136 0.663966
0 0.500043 0.203313 0.183318 0.405731 0.778695
1 0.500262 0.201522 0.183207 0.403045 0.767508
1 0.277379 0.171474 0.219855 0.338136 0.663966
