0 0.5205 0.682185 0.268653 0.627265 0.934869
1 0.663738 0.284585 0.0879541 0.0979206 0.853931
0 0.836163 0.206929 0.0452551 0.246908 0.85071
0 0.766025 0.217264 0.0399189 0.22865 0.828286
1 0.0231341 0.351926 0.0462681 0.0912552 0.78576
6 0.124383 0.355973 0.0541286 0.0506931 0.745767
2 0.263061 0.328062 0.0567815 0.0555278 0.720731
5 0.056037 0.164655 0.0122254 0.0279869 0.470138
2 0.440915 0.341575 0.04398 0.0381326 0.459118
1 0.0539409 0.324463 0.0304713 0.0215882 0.297635
0 0.5205 0.682185 0.268653 0.627265 0.934869
1 0.663738 0.284585 0.0879541 0.0979206 0.853931
0 0.836163 0.206929 0.0452551 0.246908 0.85071
0 0.766025 0.217264 0.0399189 0.22865 0.828286
1 0.0231341 0.351926 0.0462681 0.0912552 0.78576
6 0.124383 0.355973 0.0541286 0.0506931 0.745767
2 0.263061 0.328062 0.0567815 0.0555278 0.720731
5 0.056037 0.164655 0.0122254 0.0279869 0.470138
2 0.440915 0.341575 0.04398 0.0381326 0.459118
1 0.0539409 0.324463 0.0304713 0.0215882 0.297635
0 0.5205 0.682185 0.268653 0.627265 0.934869
1 0.663738 0.284585 0.0879541 0.0979206 0.853931
0 0.836163 0.206929 0.0452551 0.246908 0.85071
0 0.766025 0.217264 0.0399189 0.22865 0.828286
1 0.0231341 0.351926 0.0462681 0.0912552 0.78576
6 0.124383 0.355973 0.0541286 0.0506931 0.745767
2 0.263061 0.328062 0.0567815 0.0555278 0.720731
5 0.056037 0.164655 0.0122254 0.0279869 0.470138
2 0.440915 0.341575 0.04398 0.0381326 0.459118
1 0.0539409 0.324463 0.0304713 0.0215882 0.297635
0 0.5205 0.682185 0.268653 0.627265 0.934869
1 0.663738 0.284585 0.0879541 0.0979206 0.853931
0 0.836163 0.206929 0.0452551 0.246908 0.85071
0 0.766025 0.217264 0.0399189 0.22865 0.828286
1 0.0231341 0.351926 0.0462681 0.0912552 0.78576
6 0.124383 0.355973 0.0541286 0.0506931 0.745767
2 0.263061 0.328062 0.0567815 0.0555278 0.720731
5 0.056037 0.164655 0.0122254 0.0279869 0.470138
2 0.440915 0.341575 0.04398 0.0381326 0.459118
1 0.0539409 0.324463 0.0304713 0.0215882 0.297635
