1 0.349727 0.187915 0.121566 0.374738 0.961382
1 0.579764 0.207343 0.157519 0.414686 0.961085
0 0.0863461 0.262046 0.171642 0.524092 0.927531
1 0.468027 0.170119 0.073833 0.340238 0.849518
4 0.69379 0.170255 0.0326443 0.111753 0.835012
4 0.265586 0.146142 0.0191271 0.0484166 0.253704
1 0.349727 0.187915 0.121566 0.374738 0.961382
1 0.579764 0.207343 0.157519 0.414686 0.961085
0 0.0863461 0.262046 0.171642 0.524092 0.927531
1 0.468027 0.170119 0.073833 0.340238 0.849518
4 0.69379 0.170255 0.0326443 0.111753 0.835012
4 0.265586 0.146142 0.0191271 0.0484166 0.253704
1 0.349727 0.187915 0.121566 0.374738 0.961382
1 0.579764 0.207343 0.157519 0.414686 0.961085
0 0.0863461 0.262046 0.171642 0.524092 0.927531
1 0.468027 0.170119 0.073833 0.340238 0.849518
4 0.69379 0.170255 0.0326443 0.111753 0.835012
4 0.265586 0.146142 0.0191271 0.0484166 0.253704
1 0.349727 0.187915 0.121566 0.374738 0.961382
1 0.579764 0.207343 0.157519 0.414686 0.961085
0 0.0863461 0.262046 0.171642 0.524092 0.927531
1 0.468027 0.170119 0.073833 0.340238 0.849518
4 0.69379 0.170255 0.0326443 0.111753 0.835012
4 0.265586 0.146142 0.0191271 0.0484166 0.253704
