1 0.231428 0.655115 0.457879 0.331385 0.966642
2 0.962739 0.406743 0.0745214 0.170705 0.754706
0 0.00556407 0.0529572 0.0111281 0.105914 0.365641
1 0.231428 0.655115 0.457879 0.331385 0.966642
2 0.962739 0.406743 0.0745214 0.170705 0.754706
0 0.00556407 0.0529572 0.0111281 0.105914 0.365641
1 0.231428 0.655115 0.457879 0.331385 0.966642
2 0.962739 0.406743 0.0745214 0.170705 0.754706
0 0.00556407 0.0529572 0.0111281 0.105914 0.365641
1 0.231428 0.655115 0.457879 0.331385 0.966642
2 0.962739 0.406743 0.0745214 0.170705 0.754706
0 0.00556407 0.0529572 0.0111281 0.105914 0.365641
