0 0.586284 0.349193 0.117864 0.694518 0.968473
2 0.878724 0.333906 0.131899 0.108684 0.933996
0 0.490814 0.272775 0.0800455 0.54555 0.931565
5 0.275348 0.0457225 0.0164017 0.0477037 0.735921
1 0.931185 0.041527 0.0473349 0.0314009 0.285584
0 0.586284 0.349193 0.117864 0.694518 0.968473
2 0.878724 0.333906 0.131899 0.108684 0.933996
0 0.490814 0.272775 0.0800455 0.54555 0.931565
5 0.275348 0.0457225 0.0164017 0.0477037 0.735921
1 0.931185 0.041527 0.0473349 0.0314009 0.285584
0 0.586284 0.349193 0.117864 0.694518 0.968473
2 0.878724 0.333906 0.131899 0.108684 0.933996
0 0.490814 0.272775 0.0800455 0.54555 0.931565
5 0.275348 0.0457225 0.0164017 0.0477037 0.735921
1 0.931185 0.041527 0.0473349 0.0314009 0.285584
0 0.586284 0.349193 0.117864 0.694518 0.968473
2 0.878724 0.333906 0.131899 0.108684 0.933996
0 0.490814 0.272775 0.0800455 0.54555 0.931565
5 0.275348 0.0457225 0.0164017 0.0477037 0.735921
1 0.931185 0.041527 0.0473349 0.0314009 0.285584
