2 0.127306 0.717731 0.254611 0.497931 0.971287
2 0.638957 0.211574 0.292574 0.412246 0.948719
0 0.675284 0.593656 0.400566 0.353975 0.943191
2 0.127306 0.717731 0.254611 0.497931 0.971287
2 0.638957 0.211574 0.292574 0.412246 0.948719
0 0.675284 0.593656 0.400566 0.353975 0.943191
2 0.127306 0.717731 0.254611 0.497931 0.971287
2 0.638957 0.211574 0.292574 0.412246 0.948719
0 0.675284 0.593656 0.400566 0.353975 0.943191
2 0.127306 0.717731 0.254611 0.497931 0.971287
2 0.638957 0.211574 0.292574 0.412246 0.948719
0 0.675284 0.593656 0.400566 0.353975 0.943191
