1 0.410391 0.849657 0.0918956 0.300686 0.89646
0 0.297059 0.901713 0.101672 0.193873 0.879209
2 0.346325 0.916097 0.0523142 0.164277 0.799588
3 0.854393 0.451263 0.0121006 0.0231645 0.796608
1 0.612611 0.605802 0.0186281 0.102284 0.769768
0 0.571448 0.630459 0.0128325 0.0723792 0.629825
4 0.208827 0.510653 0.0129786 0.0351881 0.587249
0 0.630704 0.619991 0.0184587 0.102675 0.566399
6 0.633077 0.716694 0.022271 0.0461806 0.540294
0 0.492099 0.656627 0.0149847 0.0229438 0.526462
1 0.390293 0.595908 0.0197943 0.0223407 0.364443
1 0.644053 0.61438 0.0182356 0.100521 0.344906
1 0.631518 0.613603 0.0183376 0.0992567 0.343662
1 0.280043 0.641684 0.0164391 0.0285904 0.314834
0 0.434655 0.595831 0.0102995 0.0192364 0.311212
1 0.410391 0.849657 0.0918956 0.300686 0.89646
0 0.297059 0.901713 0.101672 0.193873 0.879209
2 0.346325 0.916097 0.0523142 0.164277 0.799588
3 0.854393 0.451263 0.0121006 0.0231645 0.796608
1 0.612611 0.605802 0.0186281 0.102284 0.769768
0 0.571448 0.630459 0.0128325 0.0723792 0.629825
4 0.208827 0.510653 0.0129786 0.0351881 0.587249
0 0.630704 0.619991 0.0184587 0.102675 0.566399
6 0.633077 0.716694 0.022271 0.0461806 0.540294
0 0.492099 0.656627 0.0149847 0.0229438 0.526462
1 0.390293 0.595908 0.0197943 0.0223407 0.364443
1 0.644053 0.61438 0.0182356 0.100521 0.344906
1 0.631518 0.613603 0.0183376 0.0992567 0.343662
1 0.280043 0.641684 0.0164391 0.0285904 0.314834
0 0.434655 0.595831 0.0102995 0.0192364 0.311212
1 0.410391 0.849657 0.0918956 0.300686 0.89646
0 0.297059 0.901713 0.101672 0.193873 0.879209
2 0.346325 0.916097 0.0523142 0.164277 0.799588
3 0.854393 0.451263 0.0121006 0.0231645 0.796608
1 0.612611 0.605802 0.0186281 0.102284 0.769768
0 0.571448 0.630459 0.0128325 0.0723792 0.629825
4 0.208827 0.510653 0.0129786 0.0351881 0.587249
0 0.630704 0.619991 0.0184587 0.102675 0.566399
6 0.633077 0.716694 0.022271 0.0461806 0.540294
0 0.492099 0.656627 0.0149847 0.0229438 0.526462
1 0.390293 0.595908 0.0197943 0.0223407 0.364443
1 0.644053 0.61438 0.0182356 0.100521 0.344906
1 0.631518 0.613603 0.0183376 0.0992567 0.343662
1 0.280043 0.641684 0.0164391 0.0285904 0.314834
0 0.434655 0.595831 0.0102995 0.0192364 0.311212
1 0.410391 0.849657 0.0918956 0.300686 0.89646
0 0.297059 0.901713 0.101672 0.193873 0.879209
2 0.346325 0.916097 0.0523142 0.164277 0.799588
3 0.854393 0.451263 0.0121006 0.0231645 0.796608
1 0.612611 0.605802 0.0186281 0.102284 0.769768
0 0.571448 0.630459 0.0128325 0.0723792 0.629825
4 0.208827 0.510653 0.0129786 0.0351881 0.587249
0 0.630704 0.619991 0.0184587 0.102675 0.566399
6 0.633077 0.716694 0.022271 0.0461806 0.540294
0 0.492099 0.656627 0.0149847 0.0229438 0.526462
1 0.390293 0.595908 0.0197943 0.0223407 0.364443
1 0.644053 0.61438 0.0182356 0.100521 0.344906
1 0.631518 0.613603 0.0183376 0.0992567 0.343662
1 0.280043 0.641684 0.0164391 0.0285904 0.314834
0 0.434655 0.595831 0.0102995 0.0192364 0.311212
