2 0.870465 0.339451 0.259069 0.469039 0.942795
0 0.290102 0.233205 0.213455 0.23839 0.93993
1 0.650414 0.0808885 0.252825 0.16029 0.897377
1 0.827318 0.0867118 0.126766 0.169477 0.849085
6 0.463816 0.429296 0.163216 0.500829 0.578974
1 0.463522 0.436758 0.163959 0.507403 0.312866
2 0.870465 0.339451 0.259069 0.469039 0.942795
0 0.290102 0.233205 0.213455 0.23839 0.93993
1 0.650414 0.0808885 0.252825 0.16029 0.897377
1 0.827318 0.0867118 0.126766 0.169477 0.849085
6 0.463816 0.429296 0.163216 0.500829 0.578974
1 0.463522 0.436758 0.163959 0.507403 0.312866
