1 0.649304 0.757438 0.439213 0.443354 0.979094
2 0.500881 0.489467 0.106091 0.111226 0.911807
1 0.541416 0.355458 0.0235548 0.0976197 0.806924
4 0.393514 0.344353 0.0176672 0.0596164 0.746016
0 0.580246 0.355893 0.015187 0.0964709 0.709866
3 0.702675 0.260091 0.0104393 0.01813 0.639992
0 0.523074 0.359817 0.0125218 0.0926997 0.633088
2 0.199233 0.41616 0.0308539 0.0160422 0.378832
1 0.158335 0.415602 0.0421049 0.0193004 0.349061
1 0.571463 0.353896 0.0188893 0.100653 0.338246
1 0.531878 0.356433 0.0218877 0.101355 0.304457
1 0.649304 0.757438 0.439213 0.443354 0.979094
2 0.500881 0.489467 0.106091 0.111226 0.911807
1 0.541416 0.355458 0.0235548 0.0976197 0.806924
4 0.393514 0.344353 0.0176672 0.0596164 0.746016
0 0.580246 0.355893 0.015187 0.0964709 0.709866
3 0.702675 0.260091 0.0104393 0.01813 0.639992
0 0.523074 0.359817 0.0125218 0.0926997 0.633088
2 0.199233 0.41616 0.0308539 0.0160422 0.378832
1 0.158335 0.415602 0.0421049 0.0193004 0.349061
1 0.571463 0.353896 0.0188893 0.100653 0.338246
1 0.531878 0.356433 0.0218877 0.101355 0.304457
1 0.649304 0.757438 0.439213 0.443354 0.979094
2 0.500881 0.489467 0.106091 0.111226 0.911807
1 0.541416 0.355458 0.0235548 0.0976197 0.806924
4 0.393514 0.344353 0.0176672 0.0596164 0.746016
0 0.580246 0.355893 0.015187 0.0964709 0.709866
3 0.702675 0.260091 0.0104393 0.01813 0.639992
0 0.523074 0.359817 0.0125218 0.0926997 0.633088
2 0.199233 0.41616 0.0308539 0.0160422 0.378832
1 0.158335 0.415602 0.0421049 0.0193004 0.349061
1 0.571463 0.353896 0.0188893 0.100653 0.338246
1 0.531878 0.356433 0.0218877 0.101355 0.304457
1 0.649304 0.757438 0.439213 0.443354 0.979094
2 0.500881 0.489467 0.106091 0.111226 0.911807
1 0.541416 0.355458 0.0235548 0.0976197 0.806924
4 0.393514 0.344353 0.0176672 0.0596164 0.746016
0 0.580246 0.355893 0.015187 0.0964709 0.709866
3 0.702675 0.260091 0.0104393 0.01813 0.639992
0 0.523074 0.359817 0.0125218 0.0926997 0.633088
2 0.199233 0.41616 0.0308539 0.0160422 0.378832
1 0.158335 0.415602 0.0421049 0.0193004 0.349061
1 0.571463 0.353896 0.0188893 0.100653 0.338246
1 0.531878 0.356433 0.0218877 0.101355 0.304457
