2 0.435573 0.435835 0.164775 0.319405 0.883389
0 0.385229 0.282478 0.177823 0.220046 0.864636
1 0.117394 0.34086 0.234788 0.292973 0.787821
2 0.435573 0.435835 0.164775 0.319405 0.883389
0 0.385229 0.282478 0.177823 0.220046 0.864636
1 0.117394 0.34086 0.234788 0.292973 0.787821
2 0.435573 0.435835 0.164775 0.319405 0.883389
0 0.385229 0.282478 0.177823 0.220046 0.864636
1 0.117394 0.34086 0.234788 0.292973 0.787821
2 0.435573 0.435835 0.164775 0.319405 0.883389
0 0.385229 0.282478 0.177823 0.220046 0.864636
1 0.117394 0.34086 0.234788 0.292973 0.787821
