1 0.611475 0.853958 0.541136 0.290901 0.90471
0 0.150961 0.722231 0.105538 0.0657983 0.866231
4 0.315158 0.448904 0.0232282 0.071956 0.795861
1 0.224791 0.706263 0.0985309 0.0745144 0.594571
5 0.0762648 0.44511 0.0205915 0.0452013 0.590244
2 0.323378 0.940552 0.126588 0.112099 0.552043
6 0.324567 0.941003 0.125728 0.116497 0.298408
1 0.611475 0.853958 0.541136 0.290901 0.90471
0 0.150961 0.722231 0.105538 0.0657983 0.866231
4 0.315158 0.448904 0.0232282 0.071956 0.795861
1 0.224791 0.706263 0.0985309 0.0745144 0.594571
5 0.0762648 0.44511 0.0205915 0.0452013 0.590244
2 0.323378 0.940552 0.126588 0.112099 0.552043
6 0.324567 0.941003 0.125728 0.116497 0.298408
1 0.611475 0.853958 0.541136 0.290901 0.90471
0 0.150961 0.722231 0.105538 0.0657983 0.866231
4 0.315158 0.448904 0.0232282 0.071956 0.795861
1 0.224791 0.706263 0.0985309 0.0745144 0.594571
5 0.0762648 0.44511 0.0205915 0.0452013 0.590244
2 0.323378 0.940552 0.126588 0.112099 0.552043
6 0.324567 0.941003 0.125728 0.116497 0.298408
1 0.611475 0.853958 0.541136 0.290901 0.90471
0 0.150961 0.722231 0.105538 0.0657983 0.866231
4 0.315158 0.448904 0.0232282 0.071956 0.795861
1 0.224791 0.706263 0.0985309 0.0745144 0.594571
5 0.0762648 0.44511 0.0205915 0.0452013 0.590244
2 0.323378 0.940552 0.126588 0.112099 0.552043
6 0.324567 0.941003 0.125728 0.116497 0.298408
