1 0.685622 0.335624 0.0841249 0.0401939 0.927175
1 0.292814 0.219744 0.0902309 0.437491 0.90787
1 0.396631 0.242768 0.105299 0.485535 0.890811
0 0.347232 0.210293 0.0334259 0.371986 0.829133
1 0.475237 0.220522 0.0761082 0.441044 0.825546
4 0.896727 0.214176 0.0333721 0.0793879 0.777206
0 0.519454 0.241821 0.0192831 0.239845 0.428734
1 0.349351 0.213368 0.0324151 0.389112 0.406054
0 0.945285 0.319643 0.0236801 0.0262718 0.339013
0 0.898303 0.31676 0.0251751 0.0257684 0.253655
1 0.685622 0.335624 0.0841249 0.0401939 0.927175
1 0.292814 0.219744 0.0902309 0.437491 0.90787
1 0.396631 0.242768 0.105299 0.485535 0.890811
0 0.347232 0.210293 0.0334259 0.371986 0.829133
1 0.475237 0.220522 0.0761082 0.441044 0.825546
4 0.896727 0.214176 0.0333721 0.0793879 0.777206
0 0.519454 0.241821 0.0192831 0.239845 0.428734
1 0.349351 0.213368 0.0324151 0.389112 0.406054
0 0.945285 0.319643 0.0236801 0.0262718 0.339013
0 0.898303 0.31676 0.0251751 0.0257684 0.253655
1 0.685622 0.335624 0.0841249 0.0401939 0.927175
1 0.292814 0.219744 0.0902309 0.437491 0.90787
1 0.396631 0.242768 0.105299 0.485535 0.890811
0 0.347232 0.210293 0.0334259 0.371986 0.829133
1 0.475237 0.220522 0.0761082 0.441044 0.825546
4 0.896727 0.214176 0.0333721 0.0793879 0.777206
0 0.519454 0.241821 0.0192831 0.239845 0.428734
1 0.349351 0.213368 0.0324151 0.389112 0.406054
0 0.945285 0.319643 0.0236801 0.0262718 0.339013
0 0.898303 0.31676 0.0251751 0.0257684 0.253655
1 0.685622 0.335624 0.0841249 0.0401939 0.927175
1 0.292814 0.219744 0.0902309 0.437491 0.90787
1 0.396631 0.242768 0.105299 0.485535 0.890811
0 0.347232 0.210293 0.0334259 0.371986 0.829133
1 0.475237 0.220522 0.0761082 0.441044 0.825546
4 0.896727 0.214176 0.0333721 0.0793879 0.777206
0 0.519454 0.241821 0.0192831 0.239845 0.428734
1 0.349351 0.213368 0.0324151 0.389112 0.406054
0 0.945285 0.319643 0.0236801 0.0262718 0.339013
0 0.898303 0.31676 0.0251751 0.0257684 0.253655
