0 0.398634 0.769589 0.369975 0.460823 0.975023
2 0.602554 0.465079 0.128594 0.23204 0.934976
1 0.944247 0.0910009 0.0686775 0.0398309 0.696653
0 0.849629 0.0831212 0.0296837 0.0291987 0.453717
0 0.577091 0.0192644 0.038417 0.03631 0.410076
0 0.398634 0.769589 0.369975 0.460823 0.975023
2 0.602554 0.465079 0.128594 0.23204 0.934976
1 0.944247 0.0910009 0.0686775 0.0398309 0.696653
0 0.849629 0.0831212 0.0296837 0.0291987 0.453717
0 0.577091 0.0192644 0.038417 0.03631 0.410076
0 0.398634 0.769589 0.369975 0.460823 0.975023
2 0.602554 0.465079 0.128594 0.23204 0.934976
1 0.944247 0.0910009 0.0686775 0.0398309 0.696653
0 0.849629 0.0831212 0.0296837 0.0291987 0.453717
0 0.577091 0.0192644 0.038417 0.03631 0.410076
0 0.398634 0.769589 0.369975 0.460823 0.975023
2 0.602554 0.465079 0.128594 0.23204 0.934976
1 0.944247 0.0910009 0.0686775 0.0398309 0.696653
0 0.849629 0.0831212 0.0296837 0.0291987 0.453717
0 0.577091 0.0192644 0.038417 0.03631 0.410076
