1 0.7988 0.574914 0.402401 0.528143 0.941243
2 0.239566 0.179444 0.0532434 0.0760941 0.70207
6 0.606406 0.342567 0.0877138 0.0941359 0.607875
0 0.473392 0.191889 0.0184628 0.0222858 0.341997
0 0.468549 0.207595 0.0235999 0.048385 0.291429
2 0.440275 0.192113 0.0313953 0.0296577 0.278225
1 0.7988 0.574914 0.402401 0.528143 0.941243
2 0.239566 0.179444 0.0532434 0.0760941 0.70207
6 0.606406 0.342567 0.0877138 0.0941359 0.607875
0 0.473392 0.191889 0.0184628 0.0222858 0.341997
0 0.468549 0.207595 0.0235999 0.048385 0.291429
2 0.440275 0.192113 0.0313953 0.0296577 0.278225
