1 0.555633 0.342077 0.162413 0.684155 0.951848
1 0.839889 0.500229 0.320221 0.991155 0.930211
2 0.696176 0.355228 0.0556018 0.0515978 0.800878
0 0.631699 0.279539 0.0537025 0.463061 0.791935
1 0.555633 0.342077 0.162413 0.684155 0.951848
1 0.839889 0.500229 0.320221 0.991155 0.930211
2 0.696176 0.355228 0.0556018 0.0515978 0.800878
0 0.631699 0.279539 0.0537025 0.463061 0.791935
1 0.555633 0.342077 0.162413 0.684155 0.951848
1 0.839889 0.500229 0.320221 0.991155 0.930211
2 0.696176 0.355228 0.0556018 0.0515978 0.800878
0 0.631699 0.279539 0.0537025 0.463061 0.791935
1 0.555633 0.342077 0.162413 0.684155 0.951848
1 0.839889 0.500229 0.320221 0.991155 0.930211
2 0.696176 0.355228 0.0556018 0.0515978 0.800878
0 0.631699 0.279539 0.0537025 0.463061 0.791935
