2 0.380658 0.694778 0.255568 0.610443 0.829484
0 0.228567 0.170201 0.113759 0.33321 0.712795
1 0.227562 0.1698 0.112754 0.334025 0.486575
2 0.380658 0.694778 0.255568 0.610443 0.829484
0 0.228567 0.170201 0.113759 0.33321 0.712795
1 0.227562 0.1698 0.112754 0.334025 0.486575
2 0.380658 0.694778 0.255568 0.610443 0.829484
0 0.228567 0.170201 0.113759 0.33321 0.712795
1 0.227562 0.1698 0.112754 0.334025 0.486575
2 0.380658 0.694778 0.255568 0.610443 0.829484
0 0.228567 0.170201 0.113759 0.33321 0.712795
1 0.227562 0.1698 0.112754 0.334025 0.486575
