2 0.541246 0.498457 0.164921 0.136571 0.958257
4 0.165667 0.249449 0.0301967 0.0813872 0.822068
5 0.310702 0.233971 0.0132482 0.0348806 0.749368
3 0.763452 0.245464 0.0120703 0.0319 0.656927
3 0.327105 0.265205 0.00923595 0.0225079 0.38597
2 0.541246 0.498457 0.164921 0.136571 0.958257
4 0.165667 0.249449 0.0301967 0.0813872 0.822068
5 0.310702 0.233971 0.0132482 0.0348806 0.749368
3 0.763452 0.245464 0.0120703 0.0319 0.656927
3 0.327105 0.265205 0.00923595 0.0225079 0.38597
2 0.541246 0.498457 0.164921 0.136571 0.958257
4 0.165667 0.249449 0.0301967 0.0813872 0.822068
5 0.310702 0.233971 0.0132482 0.0348806 0.749368
3 0.763452 0.245464 0.0120703 0.0319 0.656927
3 0.327105 0.265205 0.00923595 0.0225079 0.38597
2 0.541246 0.498457 0.164921 0.136571 0.958257
4 0.165667 0.249449 0.0301967 0.0813872 0.822068
5 0.310702 0.233971 0.0132482 0.0348806 0.749368
3 0.763452 0.245464 0.0120703 0.0319 0.656927
3 0.327105 0.265205 0.00923595 0.0225079 0.38597
