0 0.911678 0.350436 0.0498396 0.104115 0.771467
0 0.813988 0.392006 0.0266499 0.0417859 0.718117
6 0.512706 0.66209 0.126394 0.335435 0.611361
2 0.512052 0.662922 0.12481 0.337275 0.50885
0 0.911678 0.350436 0.0498396 0.104115 0.771467
0 0.813988 0.392006 0.0266499 0.0417859 0.718117
6 0.512706 0.66209 0.126394 0.335435 0.611361
2 0.512052 0.662922 0.12481 0.337275 0.50885
0 0.911678 0.350436 0.0498396 0.104115 0.771467
0 0.813988 0.392006 0.0266499 0.0417859 0.718117
6 0.512706 0.66209 0.126394 0.335435 0.611361
2 0.512052 0.662922 0.12481 0.337275 0.50885
0 0.911678 0.350436 0.0498396 0.104115 0.771467
0 0.813988 0.392006 0.0266499 0.0417859 0.718117
6 0.512706 0.66209 0.126394 0.335435 0.611361
2 0.512052 0.662922 0.12481 0.337275 0.50885
