1 0.464827 0.411721 0.22199 0.326242 0.961112
0 0.912304 0.507276 0.175393 0.262548 0.931661
0 0.538782 0.24724 0.149444 0.100124 0.90176
1 0.892571 0.338911 0.214094 0.160564 0.721455
0 0.858425 0.323902 0.281834 0.194395 0.296593
0 0.774928 0.298505 0.112763 0.146943 0.289459
1 0.464827 0.411721 0.22199 0.326242 0.961112
0 0.912304 0.507276 0.175393 0.262548 0.931661
0 0.538782 0.24724 0.149444 0.100124 0.90176
1 0.892571 0.338911 0.214094 0.160564 0.721455
0 0.858425 0.323902 0.281834 0.194395 0.296593
0 0.774928 0.298505 0.112763 0.146943 0.289459
1 0.464827 0.411721 0.22199 0.326242 0.961112
0 0.912304 0.507276 0.175393 0.262548 0.931661
0 0.538782 0.24724 0.149444 0.100124 0.90176
1 0.892571 0.338911 0.214094 0.160564 0.721455
0 0.858425 0.323902 0.281834 0.194395 0.296593
0 0.774928 0.298505 0.112763 0.146943 0.289459
1 0.464827 0.411721 0.22199 0.326242 0.961112
0 0.912304 0.507276 0.175393 0.262548 0.931661
0 0.538782 0.24724 0.149444 0.100124 0.90176
1 0.892571 0.338911 0.214094 0.160564 0.721455
0 0.858425 0.323902 0.281834 0.194395 0.296593
0 0.774928 0.298505 0.112763 0.146943 0.289459
