1 0.232336 0.735703 0.297972 0.163785 0.958932
6 0.697807 0.744316 0.276359 0.127864 0.890185
1 0.0364045 0.634615 0.06644 0.0359247 0.849117
2 0.322362 0.596515 0.052796 0.0547999 0.845943
0 0.02199 0.715276 0.0439073 0.0722137 0.822271
3 0.40406 0.497909 0.00917873 0.0227425 0.643807
2 0.210773 0.60306 0.0461383 0.0335678 0.569105
6 0.154995 0.613306 0.0409705 0.0228262 0.553352
1 0.455938 0.556103 0.0373978 0.0290441 0.542177
1 0.232336 0.735703 0.297972 0.163785 0.958932
6 0.697807 0.744316 0.276359 0.127864 0.890185
1 0.0364045 0.634615 0.06644 0.0359247 0.849117
2 0.322362 0.596515 0.052796 0.0547999 0.845943
0 0.02199 0.715276 0.0439073 0.0722137 0.822271
3 0.40406 0.497909 0.00917873 0.0227425 0.643807
2 0.210773 0.60306 0.0461383 0.0335678 0.569105
6 0.154995 0.613306 0.0409705 0.0228262 0.553352
1 0.455938 0.556103 0.0373978 0.0290441 0.542177
1 0.232336 0.735703 0.297972 0.163785 0.958932
6 0.697807 0.744316 0.276359 0.127864 0.890185
1 0.0364045 0.634615 0.06644 0.0359247 0.849117
2 0.322362 0.596515 0.052796 0.0547999 0.845943
0 0.02199 0.715276 0.0439073 0.0722137 0.822271
3 0.40406 0.497909 0.00917873 0.0227425 0.643807
2 0.210773 0.60306 0.0461383 0.0335678 0.569105
6 0.154995 0.613306 0.0409705 0.0228262 0.553352
1 0.455938 0.556103 0.0373978 0.0290441 0.542177
1 0.232336 0.735703 0.297972 0.163785 0.958932
6 0.697807 0.744316 0.276359 0.127864 0.890185
1 0.0364045 0.634615 0.06644 0.0359247 0.849117
2 0.322362 0.596515 0.052796 0.0547999 0.845943
0 0.02199 0.715276 0.0439073 0.0722137 0.822271
3 0.40406 0.497909 0.00917873 0.0227425 0.643807
2 0.210773 0.60306 0.0461383 0.0335678 0.569105
6 0.154995 0.613306 0.0409705 0.0228262 0.553352
1 0.455938 0.556103 0.0373978 0.0290441 0.542177
