2 0.522857 0.714076 0.182288 0.276754 0.963663
2 0.432506 0.0817568 0.076368 0.0854217 0.952579
0 0.687201 0.56001 0.116693 0.340784 0.949355
0 0.0993093 0.560544 0.198619 0.328944 0.940909
0 0.215371 0.562668 0.15912 0.372976 0.882888
0 0.169996 0.440207 0.0551781 0.114426 0.643322
0 0.835338 0.012914 0.0979172 0.0258279 0.632425
2 0.522857 0.714076 0.182288 0.276754 0.963663
2 0.432506 0.0817568 0.076368 0.0854217 0.952579
0 0.687201 0.56001 0.116693 0.340784 0.949355
0 0.0993093 0.560544 0.198619 0.328944 0.940909
0 0.215371 0.562668 0.15912 0.372976 0.882888
0 0.169996 0.440207 0.0551781 0.114426 0.643322
0 0.835338 0.012914 0.0979172 0.0258279 0.632425
2 0.522857 0.714076 0.182288 0.276754 0.963663
2 0.432506 0.0817568 0.076368 0.0854217 0.952579
0 0.687201 0.56001 0.116693 0.340784 0.949355
0 0.0993093 0.560544 0.198619 0.328944 0.940909
0 0.215371 0.562668 0.15912 0.372976 0.882888
0 0.169996 0.440207 0.0551781 0.114426 0.643322
0 0.835338 0.012914 0.0979172 0.0258279 0.632425
2 0.522857 0.714076 0.182288 0.276754 0.963663
2 0.432506 0.0817568 0.076368 0.0854217 0.952579
0 0.687201 0.56001 0.116693 0.340784 0.949355
0 0.0993093 0.560544 0.198619 0.328944 0.940909
0 0.215371 0.562668 0.15912 0.372976 0.882888
0 0.169996 0.440207 0.0551781 0.114426 0.643322
0 0.835338 0.012914 0.0979172 0.0258279 0.632425
