1 0.504758 0.24114 0.0906679 0.374527 0.966286
0 0.15648 0.729112 0.125631 0.526927 0.939224
0 0.362784 0.018221 0.0382313 0.0330351 0.33513
1 0.504758 0.24114 0.0906679 0.374527 0.966286
0 0.15648 0.729112 0.125631 0.526927 0.939224
0 0.362784 0.018221 0.0382313 0.0330351 0.33513
1 0.504758 0.24114 0.0906679 0.374527 0.966286
0 0.15648 0.729112 0.125631 0.526927 0.939224
0 0.362784 0.018221 0.0382313 0.0330351 0.33513
1 0.504758 0.24114 0.0906679 0.374527 0.966286
0 0.15648 0.729112 0.125631 0.526927 0.939224
0 0.362784 0.018221 0.0382313 0.0330351 0.33513
