1 0.262802 0.244543 0.276046 0.483156 0.973636
1 0.289934 0.701392 0.308367 0.307444 0.94679
0 0.545061 0.641026 0.0643107 0.433951 0.88939
1 0.149871 0.367463 0.298444 0.462316 0.709236
2 0.0914379 0.0205921 0.0430854 0.0401236 0.590709
1 0.102087 0.70207 0.20339 0.321714 0.576164
1 0.0834797 0.0205674 0.0612955 0.0410795 0.465815
1 0.0134114 0.390632 0.026435 0.486418 0.25003
1 0.262802 0.244543 0.276046 0.483156 0.973636
1 0.289934 0.701392 0.308367 0.307444 0.94679
0 0.545061 0.641026 0.0643107 0.433951 0.88939
1 0.149871 0.367463 0.298444 0.462316 0.709236
2 0.0914379 0.0205921 0.0430854 0.0401236 0.590709
1 0.102087 0.70207 0.20339 0.321714 0.576164
1 0.0834797 0.0205674 0.0612955 0.0410795 0.465815
1 0.0134114 0.390632 0.026435 0.486418 0.25003
1 0.262802 0.244543 0.276046 0.483156 0.973636
1 0.289934 0.701392 0.308367 0.307444 0.94679
0 0.545061 0.641026 0.0643107 0.433951 0.88939
1 0.149871 0.367463 0.298444 0.462316 0.709236
2 0.0914379 0.0205921 0.0430854 0.0401236 0.590709
1 0.102087 0.70207 0.20339 0.321714 0.576164
1 0.0834797 0.0205674 0.0612955 0.0410795 0.465815
1 0.0134114 0.390632 0.026435 0.486418 0.25003
1 0.262802 0.244543 0.276046 0.483156 0.973636
1 0.289934 0.701392 0.308367 0.307444 0.94679
0 0.545061 0.641026 0.0643107 0.433951 0.88939
1 0.149871 0.367463 0.298444 0.462316 0.709236
2 0.0914379 0.0205921 0.0430854 0.0401236 0.590709
1 0.102087 0.70207 0.20339 0.321714 0.576164
1 0.0834797 0.0205674 0.0612955 0.0410795 0.465815
1 0.0134114 0.390632 0.026435 0.486418 0.25003
