0 0.340214 0.706463 0.412723 0.587075 0.980913
6 0.795369 0.7404 0.180728 0.5192 0.930782
6 0.623101 0.012016 0.0255033 0.0235491 0.478238
0 0.797915 0.0190134 0.0335469 0.0362983 0.477978
0 0.340214 0.706463 0.412723 0.587075 0.980913
6 0.795369 0.7404 0.180728 0.5192 0.930782
6 0.623101 0.012016 0.0255033 0.0235491 0.478238
0 0.797915 0.0190134 0.0335469 0.0362983 0.477978
0 0.340214 0.706463 0.412723 0.587075 0.980913
6 0.795369 0.7404 0.180728 0.5192 0.930782
6 0.623101 0.012016 0.0255033 0.0235491 0.478238
0 0.797915 0.0190134 0.0335469 0.0362983 0.477978
0 0.340214 0.706463 0.412723 0.587075 0.980913
6 0.795369 0.7404 0.180728 0.5192 0.930782
6 0.623101 0.012016 0.0255033 0.0235491 0.478238
0 0.797915 0.0190134 0.0335469 0.0362983 0.477978
