1 0.699 0.137563 0.42062 0.267807 0.960825
1 0.142343 0.209689 0.0537492 0.208497 0.844451
3 0.496675 0.0169358 0.0169699 0.0326372 0.81975
1 0.0590916 0.224144 0.0713396 0.254964 0.623796
0 0.0608754 0.2284 0.0724839 0.253402 0.612747
0 0.0978421 0.243448 0.0521012 0.208924 0.588751
1 0.111708 0.199659 0.0390631 0.184909 0.464617
1 0.699 0.137563 0.42062 0.267807 0.960825
1 0.142343 0.209689 0.0537492 0.208497 0.844451
3 0.496675 0.0169358 0.0169699 0.0326372 0.81975
1 0.0590916 0.224144 0.0713396 0.254964 0.623796
0 0.0608754 0.2284 0.0724839 0.253402 0.612747
0 0.0978421 0.243448 0.0521012 0.208924 0.588751
1 0.111708 0.199659 0.0390631 0.184909 0.464617
1 0.699 0.137563 0.42062 0.267807 0.960825
1 0.142343 0.209689 0.0537492 0.208497 0.844451
3 0.496675 0.0169358 0.0169699 0.0326372 0.81975
1 0.0590916 0.224144 0.0713396 0.254964 0.623796
0 0.0608754 0.2284 0.0724839 0.253402 0.612747
0 0.0978421 0.243448 0.0521012 0.208924 0.588751
1 0.111708 0.199659 0.0390631 0.184909 0.464617
1 0.699 0.137563 0.42062 0.267807 0.960825
1 0.142343 0.209689 0.0537492 0.208497 0.844451
3 0.496675 0.0169358 0.0169699 0.0326372 0.81975
1 0.0590916 0.224144 0.0713396 0.254964 0.623796
0 0.0608754 0.2284 0.0724839 0.253402 0.612747
0 0.0978421 0.243448 0.0521012 0.208924 0.588751
1 0.111708 0.199659 0.0390631 0.184909 0.464617
