1 0.658381 0.454517 0.335841 0.263523 0.96906
2 0.735457 0.0963648 0.102542 0.116362 0.93969
6 0.526192 0.312792 0.157258 0.154671 0.878986
1 0.644811 0.0520151 0.0766496 0.102816 0.852025
0 0.358594 0.044143 0.0219568 0.0435129 0.436074
1 0.658381 0.454517 0.335841 0.263523 0.96906
2 0.735457 0.0963648 0.102542 0.116362 0.93969
6 0.526192 0.312792 0.157258 0.154671 0.878986
1 0.644811 0.0520151 0.0766496 0.102816 0.852025
0 0.358594 0.044143 0.0219568 0.0435129 0.436074
1 0.658381 0.454517 0.335841 0.263523 0.96906
2 0.735457 0.0963648 0.102542 0.116362 0.93969
6 0.526192 0.312792 0.157258 0.154671 0.878986
1 0.644811 0.0520151 0.0766496 0.102816 0.852025
0 0.358594 0.044143 0.0219568 0.0435129 0.436074
