0 0.678553 0.550433 0.229675 0.125439 0.914537
6 0.110778 0.0560576 0.125439 0.0659974 0.86912
1 0.840479 0.379092 0.0662376 0.107266 0.679369
0 0.678553 0.550433 0.229675 0.125439 0.914537
6 0.110778 0.0560576 0.125439 0.0659974 0.86912
1 0.840479 0.379092 0.0662376 0.107266 0.679369
0 0.678553 0.550433 0.229675 0.125439 0.914537
6 0.110778 0.0560576 0.125439 0.0659974 0.86912
1 0.840479 0.379092 0.0662376 0.107266 0.679369
0 0.678553 0.550433 0.229675 0.125439 0.914537
6 0.110778 0.0560576 0.125439 0.0659974 0.86912
1 0.840479 0.379092 0.0662376 0.107266 0.679369
