1 0.786242 0.524237 0.250192 0.283331 0.954119
6 0.55709 0.862318 0.135506 0.275364 0.930641
6 0.940822 0.142036 0.113476 0.0677214 0.886585
5 0.120683 0.0643838 0.0634976 0.119344 0.863816
2 0.835039 0.428442 0.0710581 0.132956 0.296027
1 0.786242 0.524237 0.250192 0.283331 0.954119
6 0.55709 0.862318 0.135506 0.275364 0.930641
6 0.940822 0.142036 0.113476 0.0677214 0.886585
5 0.120683 0.0643838 0.0634976 0.119344 0.863816
2 0.835039 0.428442 0.0710581 0.132956 0.296027
1 0.786242 0.524237 0.250192 0.283331 0.954119
6 0.55709 0.862318 0.135506 0.275364 0.930641
6 0.940822 0.142036 0.113476 0.0677214 0.886585
5 0.120683 0.0643838 0.0634976 0.119344 0.863816
2 0.835039 0.428442 0.0710581 0.132956 0.296027
