0 0.474014 0.136066 0.0684029 0.269651 0.939298
0 0.601451 0.134709 0.0714212 0.269418 0.931124
0 0.872354 0.190704 0.196165 0.108106 0.883662
2 0.759331 0.151115 0.0543275 0.0477886 0.771126
0 0.641543 0.160288 0.026363 0.035134 0.731259
0 0.474014 0.136066 0.0684029 0.269651 0.939298
0 0.601451 0.134709 0.0714212 0.269418 0.931124
0 0.872354 0.190704 0.196165 0.108106 0.883662
2 0.759331 0.151115 0.0543275 0.0477886 0.771126
0 0.641543 0.160288 0.026363 0.035134 0.731259
0 0.474014 0.136066 0.0684029 0.269651 0.939298
0 0.601451 0.134709 0.0714212 0.269418 0.931124
0 0.872354 0.190704 0.196165 0.108106 0.883662
2 0.759331 0.151115 0.0543275 0.0477886 0.771126
0 0.641543 0.160288 0.026363 0.035134 0.731259
0 0.474014 0.136066 0.0684029 0.269651 0.939298
0 0.601451 0.134709 0.0714212 0.269418 0.931124
0 0.872354 0.190704 0.196165 0.108106 0.883662
2 0.759331 0.151115 0.0543275 0.0477886 0.771126
0 0.641543 0.160288 0.026363 0.035134 0.731259
