0 0.334717 0.531088 0.288022 0.173901 0.922256
0 0.8804 0.384182 0.127249 0.050404 0.854615
1 0.29918 0.383427 0.122552 0.0596697 0.764861
0 0.334717 0.531088 0.288022 0.173901 0.922256
0 0.8804 0.384182 0.127249 0.050404 0.854615
1 0.29918 0.383427 0.122552 0.0596697 0.764861
0 0.334717 0.531088 0.288022 0.173901 0.922256
0 0.8804 0.384182 0.127249 0.050404 0.854615
1 0.29918 0.383427 0.122552 0.0596697 0.764861
0 0.334717 0.531088 0.288022 0.173901 0.922256
0 0.8804 0.384182 0.127249 0.050404 0.854615
1 0.29918 0.383427 0.122552 0.0596697 0.764861
