0 0.737129 0.303327 0.0569042 0.358711 0.830055
1 0.645072 0.263371 0.142077 0.524506 0.661815
1 0.848535 0.26561 0.172034 0.53122 0.643662
0 0.737129 0.303327 0.0569042 0.358711 0.830055
1 0.645072 0.263371 0.142077 0.524506 0.661815
1 0.848535 0.26561 0.172034 0.53122 0.643662
0 0.737129 0.303327 0.0569042 0.358711 0.830055
1 0.645072 0.263371 0.142077 0.524506 0.661815
1 0.848535 0.26561 0.172034 0.53122 0.643662
0 0.737129 0.303327 0.0569042 0.358711 0.830055
1 0.645072 0.263371 0.142077 0.524506 0.661815
1 0.848535 0.26561 0.172034 0.53122 0.643662
