1 0.813199 0.307978 0.252153 0.61277 0.979451
1 0.500353 0.356537 0.170822 0.708218 0.934031
1 0.601068 0.185662 0.0921303 0.371325 0.873235
0 0.858594 0.835672 0.28263 0.328657 0.871927
0 0.601783 0.18691 0.0901249 0.3707 0.51791
1 0.813199 0.307978 0.252153 0.61277 0.979451
1 0.500353 0.356537 0.170822 0.708218 0.934031
1 0.601068 0.185662 0.0921303 0.371325 0.873235
0 0.858594 0.835672 0.28263 0.328657 0.871927
0 0.601783 0.18691 0.0901249 0.3707 0.51791
1 0.813199 0.307978 0.252153 0.61277 0.979451
1 0.500353 0.356537 0.170822 0.708218 0.934031
1 0.601068 0.185662 0.0921303 0.371325 0.873235
0 0.858594 0.835672 0.28263 0.328657 0.871927
0 0.601783 0.18691 0.0901249 0.3707 0.51791
1 0.813199 0.307978 0.252153 0.61277 0.979451
1 0.500353 0.356537 0.170822 0.708218 0.934031
1 0.601068 0.185662 0.0921303 0.371325 0.873235
0 0.858594 0.835672 0.28263 0.328657 0.871927
0 0.601783 0.18691 0.0901249 0.3707 0.51791
