1 0.876057 0.378481 0.188679 0.751116 0.953605
1 0.672525 0.362655 0.16482 0.722108 0.928241
0 0.758986 0.499907 0.0498802 0.33045 0.313011
1 0.876057 0.378481 0.188679 0.751116 0.953605
1 0.672525 0.362655 0.16482 0.722108 0.928241
0 0.758986 0.499907 0.0498802 0.33045 0.313011
1 0.876057 0.378481 0.188679 0.751116 0.953605
1 0.672525 0.362655 0.16482 0.722108 0.928241
0 0.758986 0.499907 0.0498802 0.33045 0.313011
1 0.876057 0.378481 0.188679 0.751116 0.953605
1 0.672525 0.362655 0.16482 0.722108 0.928241
0 0.758986 0.499907 0.0498802 0.33045 0.313011
