0 0.604873 0.431654 0.230174 0.116546 0.926991
0 0.198406 0.276048 0.0396484 0.0383461 0.776806
0 0.161078 0.263346 0.0407818 0.0342706 0.725016
1 0.253964 0.244067 0.0471776 0.0455876 0.675251
6 0.0451305 0.251479 0.0446059 0.0307954 0.638786
5 0.00604313 0.0194369 0.0120863 0.034985 0.632696
0 0.174186 0.270163 0.0701955 0.0369228 0.557017
1 0.0945755 0.17742 0.0381254 0.0284044 0.495201
2 0.40269 0.198958 0.0523308 0.116989 0.433626
0 0.604873 0.431654 0.230174 0.116546 0.926991
0 0.198406 0.276048 0.0396484 0.0383461 0.776806
0 0.161078 0.263346 0.0407818 0.0342706 0.725016
1 0.253964 0.244067 0.0471776 0.0455876 0.675251
6 0.0451305 0.251479 0.0446059 0.0307954 0.638786
5 0.00604313 0.0194369 0.0120863 0.034985 0.632696
0 0.174186 0.270163 0.0701955 0.0369228 0.557017
1 0.0945755 0.17742 0.0381254 0.0284044 0.495201
2 0.40269 0.198958 0.0523308 0.116989 0.433626
