1 0.618247 0.462777 0.0488976 0.296764 0.882188
0 0.698538 0.453534 0.0545066 0.350618 0.878626
0 0.464292 0.435644 0.0552185 0.401375 0.871945
1 0.540421 0.452104 0.0467157 0.315795 0.865106
3 0.815446 0.344966 0.0200573 0.0466123 0.863077
5 0.0705022 0.525396 0.0129956 0.0413771 0.796402
4 0.260245 0.49589 0.0304955 0.0988561 0.768548
1 0.503134 0.47327 0.0337772 0.28277 0.618013
0 0.663112 0.452693 0.0259935 0.334175 0.376822
1 0.618247 0.462777 0.0488976 0.296764 0.882188
0 0.698538 0.453534 0.0545066 0.350618 0.878626
0 0.464292 0.435644 0.0552185 0.401375 0.871945
1 0.540421 0.452104 0.0467157 0.315795 0.865106
3 0.815446 0.344966 0.0200573 0.0466123 0.863077
5 0.0705022 0.525396 0.0129956 0.0413771 0.796402
4 0.260245 0.49589 0.0304955 0.0988561 0.768548
1 0.503134 0.47327 0.0337772 0.28277 0.618013
0 0.663112 0.452693 0.0259935 0.334175 0.376822
