1 0.769419 0.647459 0.46088 0.70351 0.936794
3 0.152377 0.0338291 0.0246747 0.06688 0.522952
3 0.0892117 0.700538 0.0361524 0.254376 0.329876
1 0.769419 0.647459 0.46088 0.70351 0.936794
3 0.152377 0.0338291 0.0246747 0.06688 0.522952
3 0.0892117 0.700538 0.0361524 0.254376 0.329876
1 0.769419 0.647459 0.46088 0.70351 0.936794
3 0.152377 0.0338291 0.0246747 0.06688 0.522952
3 0.0892117 0.700538 0.0361524 0.254376 0.329876
1 0.769419 0.647459 0.46088 0.70351 0.936794
3 0.152377 0.0338291 0.0246747 0.06688 0.522952
3 0.0892117 0.700538 0.0361524 0.254376 0.329876
