1 0.754966 0.469854 0.02185 0.0881787 0.772743
0 0.742699 0.476078 0.013595 0.0818425 0.611326
0 0.78893 0.477724 0.0134659 0.0801526 0.530689
1 0.743966 0.471662 0.0158216 0.0864287 0.351635
1 0.786266 0.475857 0.0156651 0.0837611 0.315329
1 0.754966 0.469854 0.02185 0.0881787 0.772743
0 0.742699 0.476078 0.013595 0.0818425 0.611326
0 0.78893 0.477724 0.0134659 0.0801526 0.530689
1 0.743966 0.471662 0.0158216 0.0864287 0.351635
1 0.786266 0.475857 0.0156651 0.0837611 0.315329
1 0.754966 0.469854 0.02185 0.0881787 0.772743
0 0.742699 0.476078 0.013595 0.0818425 0.611326
0 0.78893 0.477724 0.0134659 0.0801526 0.530689
1 0.743966 0.471662 0.0158216 0.0864287 0.351635
1 0.786266 0.475857 0.0156651 0.0837611 0.315329
