2 0.529154 0.488035 0.216398 0.303606 0.969614
0 0.828684 0.347677 0.182121 0.205757 0.954674
0 0.81617 0.600555 0.36766 0.351262 0.911906
2 0.529154 0.488035 0.216398 0.303606 0.969614
0 0.828684 0.347677 0.182121 0.205757 0.954674
0 0.81617 0.600555 0.36766 0.351262 0.911906
2 0.529154 0.488035 0.216398 0.303606 0.969614
0 0.828684 0.347677 0.182121 0.205757 0.954674
0 0.81617 0.600555 0.36766 0.351262 0.911906
2 0.529154 0.488035 0.216398 0.303606 0.969614
0 0.828684 0.347677 0.182121 0.205757 0.954674
0 0.81617 0.600555 0.36766 0.351262 0.911906
