1 0.609338 0.736257 0.303211 0.526224 0.982198
0 0.286727 0.846337 0.0775743 0.225641 0.94668
0 0.383997 0.135694 0.057353 0.0611232 0.851541
0 0.319145 0.623132 0.0714238 0.237766 0.82733
0 0.552819 0.026351 0.0169881 0.0503353 0.7809
0 0.51758 0.0253008 0.0181553 0.0506016 0.749864
3 0.939633 0.872032 0.0623253 0.255936 0.575427
6 0.201712 0.184111 0.0335834 0.0697273 0.560478
6 0.0410575 0.0936644 0.0784331 0.0587 0.455573
1 0.0835832 0.0141243 0.0488994 0.0267715 0.322279
1 0.609338 0.736257 0.303211 0.526224 0.982198
0 0.286727 0.846337 0.0775743 0.225641 0.94668
0 0.383997 0.135694 0.057353 0.0611232 0.851541
0 0.319145 0.623132 0.0714238 0.237766 0.82733
0 0.552819 0.026351 0.0169881 0.0503353 0.7809
0 0.51758 0.0253008 0.0181553 0.0506016 0.749864
3 0.939633 0.872032 0.0623253 0.255936 0.575427
6 0.201712 0.184111 0.0335834 0.0697273 0.560478
6 0.0410575 0.0936644 0.0784331 0.0587 0.455573
1 0.0835832 0.0141243 0.0488994 0.0267715 0.322279
1 0.609338 0.736257 0.303211 0.526224 0.982198
0 0.286727 0.846337 0.0775743 0.225641 0.94668
0 0.383997 0.135694 0.057353 0.0611232 0.851541
0 0.319145 0.623132 0.0714238 0.237766 0.82733
0 0.552819 0.026351 0.0169881 0.0503353 0.7809
0 0.51758 0.0253008 0.0181553 0.0506016 0.749864
3 0.939633 0.872032 0.0623253 0.255936 0.575427
6 0.201712 0.184111 0.0335834 0.0697273 0.560478
6 0.0410575 0.0936644 0.0784331 0.0587 0.455573
1 0.0835832 0.0141243 0.0488994 0.0267715 0.322279
1 0.609338 0.736257 0.303211 0.526224 0.982198
0 0.286727 0.846337 0.0775743 0.225641 0.94668
0 0.383997 0.135694 0.057353 0.0611232 0.851541
0 0.319145 0.623132 0.0714238 0.237766 0.82733
0 0.552819 0.026351 0.0169881 0.0503353 0.7809
0 0.51758 0.0253008 0.0181553 0.0506016 0.749864
3 0.939633 0.872032 0.0623253 0.255936 0.575427
6 0.201712 0.184111 0.0335834 0.0697273 0.560478
6 0.0410575 0.0936644 0.0784331 0.0587 0.455573
1 0.0835832 0.0141243 0.0488994 0.0267715 0.322279
