1 0.527874 0.317508 0.231951 0.632239 0.983952
1 0.349115 0.130633 0.11472 0.25471 0.970816
1 0.183289 0.223417 0.224761 0.442613 0.969587
1 0.0764989 0.797432 0.152298 0.405137 0.471863
0 0.0769619 0.851267 0.152891 0.297467 0.275512
1 0.527874 0.317508 0.231951 0.632239 0.983952
1 0.349115 0.130633 0.11472 0.25471 0.970816
1 0.183289 0.223417 0.224761 0.442613 0.969587
1 0.0764989 0.797432 0.152298 0.405137 0.471863
0 0.0769619 0.851267 0.152891 0.297467 0.275512
1 0.527874 0.317508 0.231951 0.632239 0.983952
1 0.349115 0.130633 0.11472 0.25471 0.970816
1 0.183289 0.223417 0.224761 0.442613 0.969587
1 0.0764989 0.797432 0.152298 0.405137 0.471863
0 0.0769619 0.851267 0.152891 0.297467 0.275512
1 0.527874 0.317508 0.231951 0.632239 0.983952
1 0.349115 0.130633 0.11472 0.25471 0.970816
1 0.183289 0.223417 0.224761 0.442613 0.969587
1 0.0764989 0.797432 0.152298 0.405137 0.471863
0 0.0769619 0.851267 0.152891 0.297467 0.275512
