0 0.259961 0.273228 0.518643 0.220197 0.937445
1 0.791701 0.500988 0.416224 0.990806 0.909145
0 0.396485 0.150583 0.0530315 0.0258526 0.635357
0 0.259961 0.273228 0.518643 0.220197 0.937445
1 0.791701 0.500988 0.416224 0.990806 0.909145
0 0.396485 0.150583 0.0530315 0.0258526 0.635357
0 0.259961 0.273228 0.518643 0.220197 0.937445
1 0.791701 0.500988 0.416224 0.990806 0.909145
0 0.396485 0.150583 0.0530315 0.0258526 0.635357
0 0.259961 0.273228 0.518643 0.220197 0.937445
1 0.791701 0.500988 0.416224 0.990806 0.909145
0 0.396485 0.150583 0.0530315 0.0258526 0.635357
