1 0.732396 0.790874 0.513319 0.408999 0.950491
2 0.360629 0.347416 0.0570331 0.0594641 0.880773
0 0.0826971 0.448623 0.116879 0.0726657 0.844031
1 0.507059 0.357757 0.0875025 0.0404377 0.842521
0 0.312952 0.437035 0.0924748 0.0270721 0.788445
0 0.0387556 0.383132 0.0775112 0.0385206 0.647235
6 0.14054 0.359635 0.0601597 0.038709 0.631592
4 0.516678 0.111565 0.0305012 0.0898084 0.599422
1 0.732396 0.790874 0.513319 0.408999 0.950491
2 0.360629 0.347416 0.0570331 0.0594641 0.880773
0 0.0826971 0.448623 0.116879 0.0726657 0.844031
1 0.507059 0.357757 0.0875025 0.0404377 0.842521
0 0.312952 0.437035 0.0924748 0.0270721 0.788445
0 0.0387556 0.383132 0.0775112 0.0385206 0.647235
6 0.14054 0.359635 0.0601597 0.038709 0.631592
4 0.516678 0.111565 0.0305012 0.0898084 0.599422
