0 0.128113 0.143752 0.102609 0.053343 0.842989
2 0.415364 0.436532 0.131014 0.403889 0.747539
1 0.415215 0.433139 0.130484 0.396959 0.626805
5 0.165503 0.0493233 0.0140871 0.0293293 0.261589
0 0.128113 0.143752 0.102609 0.053343 0.842989
2 0.415364 0.436532 0.131014 0.403889 0.747539
1 0.415215 0.433139 0.130484 0.396959 0.626805
5 0.165503 0.0493233 0.0140871 0.0293293 0.261589
0 0.128113 0.143752 0.102609 0.053343 0.842989
2 0.415364 0.436532 0.131014 0.403889 0.747539
1 0.415215 0.433139 0.130484 0.396959 0.626805
5 0.165503 0.0493233 0.0140871 0.0293293 0.261589
0 0.128113 0.143752 0.102609 0.053343 0.842989
2 0.415364 0.436532 0.131014 0.403889 0.747539
1 0.415215 0.433139 0.130484 0.396959 0.626805
5 0.165503 0.0493233 0.0140871 0.0293293 0.261589
