1 0.276465 0.42941 0.365813 0.85882 0.831416
1 0.527659 0.273344 0.163183 0.541878 0.793537
1 0.0960776 0.23597 0.192155 0.471941 0.554347
1 0.276465 0.42941 0.365813 0.85882 0.831416
1 0.527659 0.273344 0.163183 0.541878 0.793537
1 0.0960776 0.23597 0.192155 0.471941 0.554347
1 0.276465 0.42941 0.365813 0.85882 0.831416
1 0.527659 0.273344 0.163183 0.541878 0.793537
1 0.0960776 0.23597 0.192155 0.471941 0.554347
1 0.276465 0.42941 0.365813 0.85882 0.831416
1 0.527659 0.273344 0.163183 0.541878 0.793537
1 0.0960776 0.23597 0.192155 0.471941 0.554347
