0 0.418891 0.180773 0.401821 0.361167 0.942889
0 0.76426 0.715429 0.470806 0.563844 0.917302
1 0.900754 0.0198285 0.036388 0.0366297 0.614783
1 0.650472 0.0512728 0.0659426 0.102546 0.298047
0 0.418891 0.180773 0.401821 0.361167 0.942889
0 0.76426 0.715429 0.470806 0.563844 0.917302
1 0.900754 0.0198285 0.036388 0.0366297 0.614783
1 0.650472 0.0512728 0.0659426 0.102546 0.298047
0 0.418891 0.180773 0.401821 0.361167 0.942889
0 0.76426 0.715429 0.470806 0.563844 0.917302
1 0.900754 0.0198285 0.036388 0.0366297 0.614783
1 0.650472 0.0512728 0.0659426 0.102546 0.298047
0 0.418891 0.180773 0.401821 0.361167 0.942889
0 0.76426 0.715429 0.470806 0.563844 0.917302
1 0.900754 0.0198285 0.036388 0.0366297 0.614783
1 0.650472 0.0512728 0.0659426 0.102546 0.298047
