1 0.658597 0.177316 0.100591 0.353456 0.948002
1 0.179679 0.919306 0.127313 0.160681 0.940503
1 0.126298 0.365051 0.0961451 0.408054 0.880523
6 0.127518 0.363391 0.0957857 0.405144 0.278097
1 0.658597 0.177316 0.100591 0.353456 0.948002
1 0.179679 0.919306 0.127313 0.160681 0.940503
1 0.126298 0.365051 0.0961451 0.408054 0.880523
6 0.127518 0.363391 0.0957857 0.405144 0.278097
1 0.658597 0.177316 0.100591 0.353456 0.948002
1 0.179679 0.919306 0.127313 0.160681 0.940503
1 0.126298 0.365051 0.0961451 0.408054 0.880523
6 0.127518 0.363391 0.0957857 0.405144 0.278097
1 0.658597 0.177316 0.100591 0.353456 0.948002
1 0.179679 0.919306 0.127313 0.160681 0.940503
1 0.126298 0.365051 0.0961451 0.408054 0.880523
6 0.127518 0.363391 0.0957857 0.405144 0.278097
