0 0.844982 0.809103 0.114743 0.30762 0.958048
1 0.485341 0.276353 0.0867563 0.463262 0.952303
0 0.442142 0.844977 0.0860608 0.252638 0.930123
1 0.297555 0.330237 0.14316 0.483941 0.90859
0 0.464708 0.646725 0.0718334 0.283609 0.891557
1 0.377991 0.167563 0.0801581 0.333239 0.734362
0 0.379455 0.16543 0.0794385 0.33086 0.674106
0 0.29833 0.318552 0.142545 0.502044 0.299044
0 0.844982 0.809103 0.114743 0.30762 0.958048
1 0.485341 0.276353 0.0867563 0.463262 0.952303
0 0.442142 0.844977 0.0860608 0.252638 0.930123
1 0.297555 0.330237 0.14316 0.483941 0.90859
0 0.464708 0.646725 0.0718334 0.283609 0.891557
1 0.377991 0.167563 0.0801581 0.333239 0.734362
0 0.379455 0.16543 0.0794385 0.33086 0.674106
0 0.29833 0.318552 0.142545 0.502044 0.299044
0 0.844982 0.809103 0.114743 0.30762 0.958048
1 0.485341 0.276353 0.0867563 0.463262 0.952303
0 0.442142 0.844977 0.0860608 0.252638 0.930123
1 0.297555 0.330237 0.14316 0.483941 0.90859
0 0.464708 0.646725 0.0718334 0.283609 0.891557
1 0.377991 0.167563 0.0801581 0.333239 0.734362
0 0.379455 0.16543 0.0794385 0.33086 0.674106
0 0.29833 0.318552 0.142545 0.502044 0.299044
0 0.844982 0.809103 0.114743 0.30762 0.958048
1 0.485341 0.276353 0.0867563 0.463262 0.952303
0 0.442142 0.844977 0.0860608 0.252638 0.930123
1 0.297555 0.330237 0.14316 0.483941 0.90859
0 0.464708 0.646725 0.0718334 0.283609 0.891557
1 0.377991 0.167563 0.0801581 0.333239 0.734362
0 0.379455 0.16543 0.0794385 0.33086 0.674106
0 0.29833 0.318552 0.142545 0.502044 0.299044
