0 0.311306 0.314182 0.355195 0.443689 0.957984
1 0.717721 0.784081 0.200287 0.429474 0.942881
1 0.645775 0.0756168 0.114309 0.148012 0.935158
0 0.247669 0.433297 0.317289 0.250765 0.928818
1 0.470916 0.0344348 0.083707 0.0671006 0.920018
0 0.12665 0.129452 0.251683 0.258904 0.89783
2 0.059266 0.943701 0.118003 0.109589 0.396338
6 0.0598657 0.944714 0.117809 0.110533 0.321388
0 0.311306 0.314182 0.355195 0.443689 0.957984
1 0.717721 0.784081 0.200287 0.429474 0.942881
1 0.645775 0.0756168 0.114309 0.148012 0.935158
0 0.247669 0.433297 0.317289 0.250765 0.928818
1 0.470916 0.0344348 0.083707 0.0671006 0.920018
0 0.12665 0.129452 0.251683 0.258904 0.89783
2 0.059266 0.943701 0.118003 0.109589 0.396338
6 0.0598657 0.944714 0.117809 0.110533 0.321388
0 0.311306 0.314182 0.355195 0.443689 0.957984
1 0.717721 0.784081 0.200287 0.429474 0.942881
1 0.645775 0.0756168 0.114309 0.148012 0.935158
0 0.247669 0.433297 0.317289 0.250765 0.928818
1 0.470916 0.0344348 0.083707 0.0671006 0.920018
0 0.12665 0.129452 0.251683 0.258904 0.89783
2 0.059266 0.943701 0.118003 0.109589 0.396338
6 0.0598657 0.944714 0.117809 0.110533 0.321388
0 0.311306 0.314182 0.355195 0.443689 0.957984
1 0.717721 0.784081 0.200287 0.429474 0.942881
1 0.645775 0.0756168 0.114309 0.148012 0.935158
0 0.247669 0.433297 0.317289 0.250765 0.928818
1 0.470916 0.0344348 0.083707 0.0671006 0.920018
0 0.12665 0.129452 0.251683 0.258904 0.89783
2 0.059266 0.943701 0.118003 0.109589 0.396338
6 0.0598657 0.944714 0.117809 0.110533 0.321388
