1 0.771636 0.815601 0.456728 0.363435 0.958288
2 0.295606 0.582967 0.0407827 0.0367774 0.817167
1 0.759943 0.565494 0.0255903 0.117839 0.799596
2 0.987652 0.66392 0.0246964 0.0583572 0.771455
3 0.87815 0.486195 0.0093998 0.0240979 0.747306
0 0.195223 0.606237 0.128179 0.0494493 0.72563
0 0.843474 0.576759 0.0172306 0.100574 0.719265
4 0.504739 0.528747 0.0219297 0.0656377 0.705234
0 0.0167 0.566048 0.0333999 0.0284567 0.701472
1 0.782158 0.564838 0.0200678 0.116143 0.696461
1 0.811064 0.568578 0.0218428 0.117686 0.545403
1 0.795257 0.567635 0.0180276 0.115803 0.5363
0 0.857068 0.577986 0.016964 0.10026 0.465357
5 0.355229 0.53306 0.0101048 0.0289815 0.380384
0 0.79593 0.567538 0.0169863 0.112204 0.313241
1 0.771636 0.815601 0.456728 0.363435 0.958288
2 0.295606 0.582967 0.0407827 0.0367774 0.817167
1 0.759943 0.565494 0.0255903 0.117839 0.799596
2 0.987652 0.66392 0.0246964 0.0583572 0.771455
3 0.87815 0.486195 0.0093998 0.0240979 0.747306
0 0.195223 0.606237 0.128179 0.0494493 0.72563
0 0.843474 0.576759 0.0172306 0.100574 0.719265
4 0.504739 0.528747 0.0219297 0.0656377 0.705234
0 0.0167 0.566048 0.0333999 0.0284567 0.701472
1 0.782158 0.564838 0.0200678 0.116143 0.696461
1 0.811064 0.568578 0.0218428 0.117686 0.545403
1 0.795257 0.567635 0.0180276 0.115803 0.5363
0 0.857068 0.577986 0.016964 0.10026 0.465357
5 0.355229 0.53306 0.0101048 0.0289815 0.380384
0 0.79593 0.567538 0.0169863 0.112204 0.313241
