2 0.545578 0.475307 0.144575 0.171203 0.921837
1 0.342056 0.499774 0.0800341 0.0364811 0.70354
6 0.816058 0.507414 0.0445088 0.0327304 0.5122
5 0.601132 0.313517 0.0115778 0.0307241 0.310789
2 0.545578 0.475307 0.144575 0.171203 0.921837
1 0.342056 0.499774 0.0800341 0.0364811 0.70354
6 0.816058 0.507414 0.0445088 0.0327304 0.5122
5 0.601132 0.313517 0.0115778 0.0307241 0.310789
2 0.545578 0.475307 0.144575 0.171203 0.921837
1 0.342056 0.499774 0.0800341 0.0364811 0.70354
6 0.816058 0.507414 0.0445088 0.0327304 0.5122
5 0.601132 0.313517 0.0115778 0.0307241 0.310789
2 0.545578 0.475307 0.144575 0.171203 0.921837
1 0.342056 0.499774 0.0800341 0.0364811 0.70354
6 0.816058 0.507414 0.0445088 0.0327304 0.5122
5 0.601132 0.313517 0.0115778 0.0307241 0.310789
