2 0.0472095 0.787853 0.0925052 0.368007 0.963336
2 0.506402 0.462133 0.119892 0.379466 0.952229
0 0.880361 0.188607 0.238047 0.371411 0.941095
0 0.92173 0.420819 0.156525 0.261121 0.904133
6 0.573261 0.685561 0.219821 0.350236 0.702368
2 0.0472095 0.787853 0.0925052 0.368007 0.963336
2 0.506402 0.462133 0.119892 0.379466 0.952229
0 0.880361 0.188607 0.238047 0.371411 0.941095
0 0.92173 0.420819 0.156525 0.261121 0.904133
6 0.573261 0.685561 0.219821 0.350236 0.702368
2 0.0472095 0.787853 0.0925052 0.368007 0.963336
2 0.506402 0.462133 0.119892 0.379466 0.952229
0 0.880361 0.188607 0.238047 0.371411 0.941095
0 0.92173 0.420819 0.156525 0.261121 0.904133
6 0.573261 0.685561 0.219821 0.350236 0.702368
2 0.0472095 0.787853 0.0925052 0.368007 0.963336
2 0.506402 0.462133 0.119892 0.379466 0.952229
0 0.880361 0.188607 0.238047 0.371411 0.941095
0 0.92173 0.420819 0.156525 0.261121 0.904133
6 0.573261 0.685561 0.219821 0.350236 0.702368
