1 0.351097 0.71247 0.37631 0.57506 0.969108
0 0.737243 0.71027 0.311844 0.467408 0.953003
6 0.467896 0.216001 0.0818968 0.145563 0.827214
1 0.351097 0.71247 0.37631 0.57506 0.969108
0 0.737243 0.71027 0.311844 0.467408 0.953003
6 0.467896 0.216001 0.0818968 0.145563 0.827214
1 0.351097 0.71247 0.37631 0.57506 0.969108
0 0.737243 0.71027 0.311844 0.467408 0.953003
6 0.467896 0.216001 0.0818968 0.145563 0.827214
1 0.351097 0.71247 0.37631 0.57506 0.969108
0 0.737243 0.71027 0.311844 0.467408 0.953003
6 0.467896 0.216001 0.0818968 0.145563 0.827214
