6 0.457523 0.456862 0.118682 0.155395 0.896776
1 0.409925 0.160112 0.0623174 0.320225 0.851314
0 0.805395 0.277718 0.0520536 0.0333492 0.83412
1 0.6071 0.287024 0.083333 0.0565149 0.825222
0 0.512288 0.194343 0.0256219 0.189888 0.803902
1 0.332663 0.164696 0.0754935 0.329393 0.727863
6 0.719501 0.269262 0.0487818 0.030775 0.631767
0 0.378523 0.146956 0.027387 0.293911 0.612345
4 0.106704 0.0587285 0.0292703 0.0614142 0.575727
1 0.300546 0.160505 0.0436855 0.318975 0.540207
0 0.660149 0.262579 0.0214352 0.0196486 0.414519
6 0.457523 0.456862 0.118682 0.155395 0.896776
1 0.409925 0.160112 0.0623174 0.320225 0.851314
0 0.805395 0.277718 0.0520536 0.0333492 0.83412
1 0.6071 0.287024 0.083333 0.0565149 0.825222
0 0.512288 0.194343 0.0256219 0.189888 0.803902
1 0.332663 0.164696 0.0754935 0.329393 0.727863
6 0.719501 0.269262 0.0487818 0.030775 0.631767
0 0.378523 0.146956 0.027387 0.293911 0.612345
4 0.106704 0.0587285 0.0292703 0.0614142 0.575727
1 0.300546 0.160505 0.0436855 0.318975 0.540207
0 0.660149 0.262579 0.0214352 0.0196486 0.414519
6 0.457523 0.456862 0.118682 0.155395 0.896776
1 0.409925 0.160112 0.0623174 0.320225 0.851314
0 0.805395 0.277718 0.0520536 0.0333492 0.83412
1 0.6071 0.287024 0.083333 0.0565149 0.825222
0 0.512288 0.194343 0.0256219 0.189888 0.803902
1 0.332663 0.164696 0.0754935 0.329393 0.727863
6 0.719501 0.269262 0.0487818 0.030775 0.631767
0 0.378523 0.146956 0.027387 0.293911 0.612345
4 0.106704 0.0587285 0.0292703 0.0614142 0.575727
1 0.300546 0.160505 0.0436855 0.318975 0.540207
0 0.660149 0.262579 0.0214352 0.0196486 0.414519
