1 0.734392 0.370044 0.242525 0.740089 0.954681
1 0.484666 0.253601 0.108448 0.502451 0.798598
0 0.550292 0.200232 0.031916 0.3876 0.709209
0 0.426603 0.330434 0.017065 0.0382529 0.555858
1 0.734392 0.370044 0.242525 0.740089 0.954681
1 0.484666 0.253601 0.108448 0.502451 0.798598
0 0.550292 0.200232 0.031916 0.3876 0.709209
0 0.426603 0.330434 0.017065 0.0382529 0.555858
1 0.734392 0.370044 0.242525 0.740089 0.954681
1 0.484666 0.253601 0.108448 0.502451 0.798598
0 0.550292 0.200232 0.031916 0.3876 0.709209
0 0.426603 0.330434 0.017065 0.0382529 0.555858
