0 0.897705 0.409729 0.199924 0.810069 0.52194
3 0.222438 0.270103 0.0748804 0.197734 0.426197
1 0.598194 0.255497 0.0860085 0.508377 0.4207
1 0.760314 0.270945 0.113 0.54189 0.350142
0 0.597352 0.249161 0.0855183 0.490398 0.314921
0 0.897705 0.409729 0.199924 0.810069 0.52194
3 0.222438 0.270103 0.0748804 0.197734 0.426197
1 0.598194 0.255497 0.0860085 0.508377 0.4207
1 0.760314 0.270945 0.113 0.54189 0.350142
0 0.597352 0.249161 0.0855183 0.490398 0.314921
0 0.897705 0.409729 0.199924 0.810069 0.52194
3 0.222438 0.270103 0.0748804 0.197734 0.426197
1 0.598194 0.255497 0.0860085 0.508377 0.4207
1 0.760314 0.270945 0.113 0.54189 0.350142
0 0.597352 0.249161 0.0855183 0.490398 0.314921
0 0.897705 0.409729 0.199924 0.810069 0.52194
3 0.222438 0.270103 0.0748804 0.197734 0.426197
1 0.598194 0.255497 0.0860085 0.508377 0.4207
1 0.760314 0.270945 0.113 0.54189 0.350142
0 0.597352 0.249161 0.0855183 0.490398 0.314921
