1 0.702115 0.148401 0.191686 0.294786 0.964946
1 0.540011 0.617467 0.263697 0.471747 0.957302
1 0.829479 0.767017 0.340401 0.464728 0.94388
1 0.886306 0.360143 0.225823 0.370507 0.940395
0 0.90935 0.035885 0.0915276 0.0690316 0.698384
1 0.908543 0.0355956 0.0889133 0.0688256 0.377871
1 0.702115 0.148401 0.191686 0.294786 0.964946
1 0.540011 0.617467 0.263697 0.471747 0.957302
1 0.829479 0.767017 0.340401 0.464728 0.94388
1 0.886306 0.360143 0.225823 0.370507 0.940395
0 0.90935 0.035885 0.0915276 0.0690316 0.698384
1 0.908543 0.0355956 0.0889133 0.0688256 0.377871
