1 0.323978 0.516993 0.3471 0.157915 0.96742
2 0.279297 0.0808136 0.173124 0.161627 0.96213
6 0.790801 0.903832 0.133271 0.186403 0.664617
1 0.791053 0.904399 0.13409 0.18764 0.538718
1 0.323978 0.516993 0.3471 0.157915 0.96742
2 0.279297 0.0808136 0.173124 0.161627 0.96213
6 0.790801 0.903832 0.133271 0.186403 0.664617
1 0.791053 0.904399 0.13409 0.18764 0.538718
1 0.323978 0.516993 0.3471 0.157915 0.96742
2 0.279297 0.0808136 0.173124 0.161627 0.96213
6 0.790801 0.903832 0.133271 0.186403 0.664617
1 0.791053 0.904399 0.13409 0.18764 0.538718
1 0.323978 0.516993 0.3471 0.157915 0.96742
2 0.279297 0.0808136 0.173124 0.161627 0.96213
6 0.790801 0.903832 0.133271 0.186403 0.664617
1 0.791053 0.904399 0.13409 0.18764 0.538718
