6 0.297539 0.713509 0.313896 0.201878 0.855961
2 0.315544 0.487461 0.0567142 0.0470543 0.845723
1 0.251759 0.492456 0.0735861 0.0383872 0.839533
4 0.774651 0.294769 0.0355165 0.100797 0.788692
3 0.357381 0.310765 0.0088659 0.024554 0.785212
6 0.743357 0.440167 0.0264669 0.0383451 0.42479
6 0.214254 0.640467 0.135217 0.0596383 0.328801
6 0.297539 0.713509 0.313896 0.201878 0.855961
2 0.315544 0.487461 0.0567142 0.0470543 0.845723
1 0.251759 0.492456 0.0735861 0.0383872 0.839533
4 0.774651 0.294769 0.0355165 0.100797 0.788692
3 0.357381 0.310765 0.0088659 0.024554 0.785212
6 0.743357 0.440167 0.0264669 0.0383451 0.42479
6 0.214254 0.640467 0.135217 0.0596383 0.328801
6 0.297539 0.713509 0.313896 0.201878 0.855961
2 0.315544 0.487461 0.0567142 0.0470543 0.845723
1 0.251759 0.492456 0.0735861 0.0383872 0.839533
4 0.774651 0.294769 0.0355165 0.100797 0.788692
3 0.357381 0.310765 0.0088659 0.024554 0.785212
6 0.743357 0.440167 0.0264669 0.0383451 0.42479
6 0.214254 0.640467 0.135217 0.0596383 0.328801
6 0.297539 0.713509 0.313896 0.201878 0.855961
2 0.315544 0.487461 0.0567142 0.0470543 0.845723
1 0.251759 0.492456 0.0735861 0.0383872 0.839533
4 0.774651 0.294769 0.0355165 0.100797 0.788692
3 0.357381 0.310765 0.0088659 0.024554 0.785212
6 0.743357 0.440167 0.0264669 0.0383451 0.42479
6 0.214254 0.640467 0.135217 0.0596383 0.328801
