0 0.652606 0.484631 0.502644 0.206381 0.907225
0 0.795232 0.398771 0.11118 0.0573342 0.872548
5 0.420955 0.189255 0.0124262 0.0325352 0.830508
3 0.915837 0.150072 0.0175808 0.0407684 0.810099
4 0.295935 0.216183 0.023457 0.0730829 0.808954
1 0.652012 0.375626 0.137781 0.0423021 0.299333
0 0.652606 0.484631 0.502644 0.206381 0.907225
0 0.795232 0.398771 0.11118 0.0573342 0.872548
5 0.420955 0.189255 0.0124262 0.0325352 0.830508
3 0.915837 0.150072 0.0175808 0.0407684 0.810099
4 0.295935 0.216183 0.023457 0.0730829 0.808954
1 0.652012 0.375626 0.137781 0.0423021 0.299333
0 0.652606 0.484631 0.502644 0.206381 0.907225
0 0.795232 0.398771 0.11118 0.0573342 0.872548
5 0.420955 0.189255 0.0124262 0.0325352 0.830508
3 0.915837 0.150072 0.0175808 0.0407684 0.810099
4 0.295935 0.216183 0.023457 0.0730829 0.808954
1 0.652012 0.375626 0.137781 0.0423021 0.299333
0 0.652606 0.484631 0.502644 0.206381 0.907225
0 0.795232 0.398771 0.11118 0.0573342 0.872548
5 0.420955 0.189255 0.0124262 0.0325352 0.830508
3 0.915837 0.150072 0.0175808 0.0407684 0.810099
4 0.295935 0.216183 0.023457 0.0730829 0.808954
1 0.652012 0.375626 0.137781 0.0423021 0.299333
