2 0.416455 0.715587 0.26619 0.498742 0.960667
4 0.499867 0.0783776 0.0413336 0.155964 0.882722
3 0.691928 0.0644664 0.0123258 0.0210912 0.769392
5 0.677505 0.0260409 0.0164663 0.0520818 0.650641
2 0.416455 0.715587 0.26619 0.498742 0.960667
4 0.499867 0.0783776 0.0413336 0.155964 0.882722
3 0.691928 0.0644664 0.0123258 0.0210912 0.769392
5 0.677505 0.0260409 0.0164663 0.0520818 0.650641
2 0.416455 0.715587 0.26619 0.498742 0.960667
4 0.499867 0.0783776 0.0413336 0.155964 0.882722
3 0.691928 0.0644664 0.0123258 0.0210912 0.769392
5 0.677505 0.0260409 0.0164663 0.0520818 0.650641
2 0.416455 0.715587 0.26619 0.498742 0.960667
4 0.499867 0.0783776 0.0413336 0.155964 0.882722
3 0.691928 0.0644664 0.0123258 0.0210912 0.769392
5 0.677505 0.0260409 0.0164663 0.0520818 0.650641
