6 0.360605 0.351613 0.192161 0.290677 0.919624
0 0.579265 0.960723 0.226767 0.0701104 0.497964
0 0.23976 0.0130066 0.0417163 0.0228781 0.440621
0 0.614183 0.972242 0.145024 0.0526568 0.339567
6 0.360605 0.351613 0.192161 0.290677 0.919624
0 0.579265 0.960723 0.226767 0.0701104 0.497964
0 0.23976 0.0130066 0.0417163 0.0228781 0.440621
0 0.614183 0.972242 0.145024 0.0526568 0.339567
6 0.360605 0.351613 0.192161 0.290677 0.919624
0 0.579265 0.960723 0.226767 0.0701104 0.497964
0 0.23976 0.0130066 0.0417163 0.0228781 0.440621
0 0.614183 0.972242 0.145024 0.0526568 0.339567
6 0.360605 0.351613 0.192161 0.290677 0.919624
0 0.579265 0.960723 0.226767 0.0701104 0.497964
0 0.23976 0.0130066 0.0417163 0.0228781 0.440621
0 0.614183 0.972242 0.145024 0.0526568 0.339567
