1 0.487256 0.325617 0.142677 0.647513 0.939709
1 0.647222 0.230077 0.121679 0.460154 0.938862
0 0.853692 0.455776 0.241055 0.639445 0.925577
1 0.380149 0.251986 0.148082 0.503972 0.910605
0 0.903472 0.683957 0.193056 0.59688 0.872105
1 0.487256 0.325617 0.142677 0.647513 0.939709
1 0.647222 0.230077 0.121679 0.460154 0.938862
0 0.853692 0.455776 0.241055 0.639445 0.925577
1 0.380149 0.251986 0.148082 0.503972 0.910605
0 0.903472 0.683957 0.193056 0.59688 0.872105
1 0.487256 0.325617 0.142677 0.647513 0.939709
1 0.647222 0.230077 0.121679 0.460154 0.938862
0 0.853692 0.455776 0.241055 0.639445 0.925577
1 0.380149 0.251986 0.148082 0.503972 0.910605
0 0.903472 0.683957 0.193056 0.59688 0.872105
1 0.487256 0.325617 0.142677 0.647513 0.939709
1 0.647222 0.230077 0.121679 0.460154 0.938862
0 0.853692 0.455776 0.241055 0.639445 0.925577
1 0.380149 0.251986 0.148082 0.503972 0.910605
0 0.903472 0.683957 0.193056 0.59688 0.872105
