1 0.604913 0.484895 0.605877 0.390976 0.917477
0 0.29771 0.321557 0.0697207 0.0540621 0.759681
2 0.116254 0.370695 0.219373 0.174673 0.602415
4 0.341995 0.143261 0.0204041 0.0631085 0.599338
1 0.260005 0.344899 0.0181013 0.0339932 0.312677
1 0.604913 0.484895 0.605877 0.390976 0.917477
0 0.29771 0.321557 0.0697207 0.0540621 0.759681
2 0.116254 0.370695 0.219373 0.174673 0.602415
4 0.341995 0.143261 0.0204041 0.0631085 0.599338
1 0.260005 0.344899 0.0181013 0.0339932 0.312677
1 0.604913 0.484895 0.605877 0.390976 0.917477
0 0.29771 0.321557 0.0697207 0.0540621 0.759681
2 0.116254 0.370695 0.219373 0.174673 0.602415
4 0.341995 0.143261 0.0204041 0.0631085 0.599338
1 0.260005 0.344899 0.0181013 0.0339932 0.312677
1 0.604913 0.484895 0.605877 0.390976 0.917477
0 0.29771 0.321557 0.0697207 0.0540621 0.759681
2 0.116254 0.370695 0.219373 0.174673 0.602415
4 0.341995 0.143261 0.0204041 0.0631085 0.599338
1 0.260005 0.344899 0.0181013 0.0339932 0.312677
