0 0.294128 0.519252 0.252681 0.248327 0.933319
2 0.895242 0.502065 0.0805973 0.0889257 0.611977
3 0.725513 0.355482 0.0508807 0.123985 0.266202
0 0.294128 0.519252 0.252681 0.248327 0.933319
2 0.895242 0.502065 0.0805973 0.0889257 0.611977
3 0.725513 0.355482 0.0508807 0.123985 0.266202
0 0.294128 0.519252 0.252681 0.248327 0.933319
2 0.895242 0.502065 0.0805973 0.0889257 0.611977
3 0.725513 0.355482 0.0508807 0.123985 0.266202
0 0.294128 0.519252 0.252681 0.248327 0.933319
2 0.895242 0.502065 0.0805973 0.0889257 0.611977
3 0.725513 0.355482 0.0508807 0.123985 0.266202
