0 0.767132 0.319807 0.272081 0.635912 0.977419
0 0.596849 0.325588 0.214796 0.651177 0.959606
6 0.474357 0.248819 0.0769783 0.104468 0.823694
1 0.0500873 0.383187 0.0982076 0.766373 0.576186
0 0.0502289 0.371364 0.0988279 0.742728 0.29111
0 0.767132 0.319807 0.272081 0.635912 0.977419
0 0.596849 0.325588 0.214796 0.651177 0.959606
6 0.474357 0.248819 0.0769783 0.104468 0.823694
1 0.0500873 0.383187 0.0982076 0.766373 0.576186
0 0.0502289 0.371364 0.0988279 0.742728 0.29111
0 0.767132 0.319807 0.272081 0.635912 0.977419
0 0.596849 0.325588 0.214796 0.651177 0.959606
6 0.474357 0.248819 0.0769783 0.104468 0.823694
1 0.0500873 0.383187 0.0982076 0.766373 0.576186
0 0.0502289 0.371364 0.0988279 0.742728 0.29111
0 0.767132 0.319807 0.272081 0.635912 0.977419
0 0.596849 0.325588 0.214796 0.651177 0.959606
6 0.474357 0.248819 0.0769783 0.104468 0.823694
1 0.0500873 0.383187 0.0982076 0.766373 0.576186
0 0.0502289 0.371364 0.0988279 0.742728 0.29111
