6 0.547205 0.797234 0.21725 0.405532 0.942719
2 0.805565 0.0639199 0.0681726 0.0675879 0.885401
2 0.612119 0.0153106 0.04963 0.0306211 0.781764
6 0.547205 0.797234 0.21725 0.405532 0.942719
2 0.805565 0.0639199 0.0681726 0.0675879 0.885401
2 0.612119 0.0153106 0.04963 0.0306211 0.781764
6 0.547205 0.797234 0.21725 0.405532 0.942719
2 0.805565 0.0639199 0.0681726 0.0675879 0.885401
2 0.612119 0.0153106 0.04963 0.0306211 0.781764
6 0.547205 0.797234 0.21725 0.405532 0.942719
2 0.805565 0.0639199 0.0681726 0.0675879 0.885401
2 0.612119 0.0153106 0.04963 0.0306211 0.781764
