1 0.630773 0.815694 0.297648 0.368612 0.967381
1 0.50478 0.284824 0.211544 0.561686 0.947811
1 0.662691 0.188441 0.172401 0.376881 0.947537
1 0.849616 0.525598 0.300768 0.438913 0.946862
1 0.630773 0.815694 0.297648 0.368612 0.967381
1 0.50478 0.284824 0.211544 0.561686 0.947811
1 0.662691 0.188441 0.172401 0.376881 0.947537
1 0.849616 0.525598 0.300768 0.438913 0.946862
1 0.630773 0.815694 0.297648 0.368612 0.967381
1 0.50478 0.284824 0.211544 0.561686 0.947811
1 0.662691 0.188441 0.172401 0.376881 0.947537
1 0.849616 0.525598 0.300768 0.438913 0.946862
1 0.630773 0.815694 0.297648 0.368612 0.967381
1 0.50478 0.284824 0.211544 0.561686 0.947811
1 0.662691 0.188441 0.172401 0.376881 0.947537
1 0.849616 0.525598 0.300768 0.438913 0.946862
