1 0.486788 0.275208 0.0664824 0.418002 0.924812
0 0.241887 0.311547 0.0842863 0.509758 0.919347
0 0.558815 0.366327 0.083608 0.539884 0.901667
1 0.623452 0.292112 0.0531822 0.413996 0.820987
4 0.412192 0.199802 0.0253641 0.0998309 0.776181
2 0.116746 0.267634 0.0432459 0.0312738 0.726113
0 0.609135 0.291072 0.0324537 0.390508 0.396096
1 0.546619 0.22426 0.0382223 0.218174 0.385726
0 0.0234381 0.323775 0.0468763 0.0453448 0.382455
1 0.486788 0.275208 0.0664824 0.418002 0.924812
0 0.241887 0.311547 0.0842863 0.509758 0.919347
0 0.558815 0.366327 0.083608 0.539884 0.901667
1 0.623452 0.292112 0.0531822 0.413996 0.820987
4 0.412192 0.199802 0.0253641 0.0998309 0.776181
2 0.116746 0.267634 0.0432459 0.0312738 0.726113
0 0.609135 0.291072 0.0324537 0.390508 0.396096
1 0.546619 0.22426 0.0382223 0.218174 0.385726
0 0.0234381 0.323775 0.0468763 0.0453448 0.382455
1 0.486788 0.275208 0.0664824 0.418002 0.924812
0 0.241887 0.311547 0.0842863 0.509758 0.919347
0 0.558815 0.366327 0.083608 0.539884 0.901667
1 0.623452 0.292112 0.0531822 0.413996 0.820987
4 0.412192 0.199802 0.0253641 0.0998309 0.776181
2 0.116746 0.267634 0.0432459 0.0312738 0.726113
0 0.609135 0.291072 0.0324537 0.390508 0.396096
1 0.546619 0.22426 0.0382223 0.218174 0.385726
0 0.0234381 0.323775 0.0468763 0.0453448 0.382455
1 0.486788 0.275208 0.0664824 0.418002 0.924812
0 0.241887 0.311547 0.0842863 0.509758 0.919347
0 0.558815 0.366327 0.083608 0.539884 0.901667
1 0.623452 0.292112 0.0531822 0.413996 0.820987
4 0.412192 0.199802 0.0253641 0.0998309 0.776181
2 0.116746 0.267634 0.0432459 0.0312738 0.726113
0 0.609135 0.291072 0.0324537 0.390508 0.396096
1 0.546619 0.22426 0.0382223 0.218174 0.385726
0 0.0234381 0.323775 0.0468763 0.0453448 0.382455
