2 0.497171 0.166167 0.0332758 0.0675818 0.934485
0 0.393882 0.50064 0.198436 0.212306 0.92238
0 0.431264 0.212894 0.078821 0.0579716 0.91081
6 0.795055 0.263786 0.113025 0.073594 0.835136
1 0.617891 0.130491 0.0635348 0.0457797 0.727528
5 0.877114 0.0165436 0.0189444 0.0330872 0.711951
2 0.497171 0.166167 0.0332758 0.0675818 0.934485
0 0.393882 0.50064 0.198436 0.212306 0.92238
0 0.431264 0.212894 0.078821 0.0579716 0.91081
6 0.795055 0.263786 0.113025 0.073594 0.835136
1 0.617891 0.130491 0.0635348 0.0457797 0.727528
5 0.877114 0.0165436 0.0189444 0.0330872 0.711951
