0 0.705868 0.206713 0.107521 0.189529 0.943758
6 0.635273 0.526492 0.267231 0.180816 0.912023
0 0.0910976 0.0491383 0.0455575 0.0982766 0.879495
0 0.0407814 0.0853922 0.0815628 0.170784 0.829997
0 0.0295359 0.237183 0.0590718 0.180433 0.436126
6 0.75523 0.0205126 0.102927 0.0408984 0.264171
0 0.019157 0.108461 0.0383141 0.119038 0.261144
0 0.705868 0.206713 0.107521 0.189529 0.943758
6 0.635273 0.526492 0.267231 0.180816 0.912023
0 0.0910976 0.0491383 0.0455575 0.0982766 0.879495
0 0.0407814 0.0853922 0.0815628 0.170784 0.829997
0 0.0295359 0.237183 0.0590718 0.180433 0.436126
6 0.75523 0.0205126 0.102927 0.0408984 0.264171
0 0.019157 0.108461 0.0383141 0.119038 0.261144
