1 0.201119 0.229647 0.241086 0.459295 0.983559
1 0.430633 0.329198 0.224448 0.65128 0.976261
1 0.555608 0.157548 0.0736904 0.313002 0.938192
1 0.0866749 0.794658 0.171815 0.386554 0.626267
1 0.201119 0.229647 0.241086 0.459295 0.983559
1 0.430633 0.329198 0.224448 0.65128 0.976261
1 0.555608 0.157548 0.0736904 0.313002 0.938192
1 0.0866749 0.794658 0.171815 0.386554 0.626267
1 0.201119 0.229647 0.241086 0.459295 0.983559
1 0.430633 0.329198 0.224448 0.65128 0.976261
1 0.555608 0.157548 0.0736904 0.313002 0.938192
1 0.0866749 0.794658 0.171815 0.386554 0.626267
1 0.201119 0.229647 0.241086 0.459295 0.983559
1 0.430633 0.329198 0.224448 0.65128 0.976261
1 0.555608 0.157548 0.0736904 0.313002 0.938192
1 0.0866749 0.794658 0.171815 0.386554 0.626267
