1 0.325753 0.407423 0.272386 0.81237 0.938842
0 0.779853 0.308409 0.0590166 0.190052 0.902537
1 0.142125 0.411741 0.281473 0.815982 0.820841
0 0.577358 0.133695 0.0408003 0.26192 0.77804
0 0.503471 0.275055 0.129578 0.55011 0.751001
1 0.325753 0.407423 0.272386 0.81237 0.938842
0 0.779853 0.308409 0.0590166 0.190052 0.902537
1 0.142125 0.411741 0.281473 0.815982 0.820841
0 0.577358 0.133695 0.0408003 0.26192 0.77804
0 0.503471 0.275055 0.129578 0.55011 0.751001
1 0.325753 0.407423 0.272386 0.81237 0.938842
0 0.779853 0.308409 0.0590166 0.190052 0.902537
1 0.142125 0.411741 0.281473 0.815982 0.820841
0 0.577358 0.133695 0.0408003 0.26192 0.77804
0 0.503471 0.275055 0.129578 0.55011 0.751001
1 0.325753 0.407423 0.272386 0.81237 0.938842
0 0.779853 0.308409 0.0590166 0.190052 0.902537
1 0.142125 0.411741 0.281473 0.815982 0.820841
0 0.577358 0.133695 0.0408003 0.26192 0.77804
0 0.503471 0.275055 0.129578 0.55011 0.751001
