2 0.463269 0.507546 0.142365 0.226187 0.960085
1 0.125992 0.489078 0.251597 0.242125 0.924307
1 0.716449 0.407423 0.195776 0.141821 0.901056
0 0.717499 0.308091 0.0599794 0.0306347 0.682865
1 0.417153 0.237551 0.0150796 0.0711084 0.499
4 0.486414 0.164079 0.0144143 0.0428777 0.453581
2 0.520064 0.275981 0.0159917 0.0220695 0.308968
0 0.443286 0.24592 0.013121 0.0569047 0.308056
1 0.406726 0.235726 0.0185261 0.0736235 0.283477
0 0.431813 0.243589 0.0130533 0.0560705 0.279301
0 0.457218 0.245279 0.0106766 0.0612703 0.253687
2 0.463269 0.507546 0.142365 0.226187 0.960085
1 0.125992 0.489078 0.251597 0.242125 0.924307
1 0.716449 0.407423 0.195776 0.141821 0.901056
0 0.717499 0.308091 0.0599794 0.0306347 0.682865
1 0.417153 0.237551 0.0150796 0.0711084 0.499
4 0.486414 0.164079 0.0144143 0.0428777 0.453581
2 0.520064 0.275981 0.0159917 0.0220695 0.308968
0 0.443286 0.24592 0.013121 0.0569047 0.308056
1 0.406726 0.235726 0.0185261 0.0736235 0.283477
0 0.431813 0.243589 0.0130533 0.0560705 0.279301
0 0.457218 0.245279 0.0106766 0.0612703 0.253687
