0 0.154446 0.421459 0.0930576 0.520199 0.933291
1 0.593222 0.452791 0.0554304 0.410783 0.890285
0 0.495417 0.381043 0.0830099 0.594972 0.877776
1 0.43729 0.449039 0.0363161 0.422777 0.817074
0 0.553729 0.436701 0.0440397 0.484969 0.68734
2 0.64212 0.605576 0.0548396 0.106221 0.259146
0 0.154446 0.421459 0.0930576 0.520199 0.933291
1 0.593222 0.452791 0.0554304 0.410783 0.890285
0 0.495417 0.381043 0.0830099 0.594972 0.877776
1 0.43729 0.449039 0.0363161 0.422777 0.817074
0 0.553729 0.436701 0.0440397 0.484969 0.68734
2 0.64212 0.605576 0.0548396 0.106221 0.259146
0 0.154446 0.421459 0.0930576 0.520199 0.933291
1 0.593222 0.452791 0.0554304 0.410783 0.890285
0 0.495417 0.381043 0.0830099 0.594972 0.877776
1 0.43729 0.449039 0.0363161 0.422777 0.817074
0 0.553729 0.436701 0.0440397 0.484969 0.68734
2 0.64212 0.605576 0.0548396 0.106221 0.259146
0 0.154446 0.421459 0.0930576 0.520199 0.933291
1 0.593222 0.452791 0.0554304 0.410783 0.890285
0 0.495417 0.381043 0.0830099 0.594972 0.877776
1 0.43729 0.449039 0.0363161 0.422777 0.817074
0 0.553729 0.436701 0.0440397 0.484969 0.68734
2 0.64212 0.605576 0.0548396 0.106221 0.259146
