2 0.424205 0.683306 0.22382 0.315631 0.972471
1 0.815425 0.477456 0.20112 0.121704 0.891372
0 0.699842 0.421599 0.0303045 0.0407479 0.670007
0 0.270215 0.52826 0.0248545 0.0163622 0.450478
4 0.501167 0.345612 0.0178524 0.0634382 0.41238
2 0.879908 0.265231 0.0694059 0.0752701 0.31752
2 0.424205 0.683306 0.22382 0.315631 0.972471
1 0.815425 0.477456 0.20112 0.121704 0.891372
0 0.699842 0.421599 0.0303045 0.0407479 0.670007
0 0.270215 0.52826 0.0248545 0.0163622 0.450478
4 0.501167 0.345612 0.0178524 0.0634382 0.41238
2 0.879908 0.265231 0.0694059 0.0752701 0.31752
