0 0.532086 0.77977 0.088913 0.440461 0.951998
6 0.751636 0.630248 0.306599 0.222317 0.908524
1 0.207037 0.0215277 0.0683388 0.0430554 0.364901
0 0.532086 0.77977 0.088913 0.440461 0.951998
6 0.751636 0.630248 0.306599 0.222317 0.908524
1 0.207037 0.0215277 0.0683388 0.0430554 0.364901
0 0.532086 0.77977 0.088913 0.440461 0.951998
6 0.751636 0.630248 0.306599 0.222317 0.908524
1 0.207037 0.0215277 0.0683388 0.0430554 0.364901
0 0.532086 0.77977 0.088913 0.440461 0.951998
6 0.751636 0.630248 0.306599 0.222317 0.908524
1 0.207037 0.0215277 0.0683388 0.0430554 0.364901
