0 0.521574 0.63157 0.0927953 0.26747 0.96289
1 0.222941 0.0650151 0.0808935 0.047381 0.899081
1 0.451797 0.170129 0.0944718 0.0723489 0.891167
0 0.914234 0.420596 0.141193 0.051906 0.883334
0 0.0918194 0.295513 0.182195 0.081654 0.873262
2 0.331175 0.112047 0.034046 0.0557496 0.832329
0 0.278571 0.102533 0.0587203 0.051197 0.813565
6 0.270402 0.523365 0.0957471 0.247037 0.804577
1 0.620075 0.330189 0.0609912 0.121223 0.781244
6 0.178371 0.228283 0.0689915 0.0896374 0.529989
2 0.07894 0.0188898 0.0653506 0.0377796 0.469796
6 0.0779793 0.0201555 0.0606248 0.0396059 0.401406
0 0.521574 0.63157 0.0927953 0.26747 0.96289
1 0.222941 0.0650151 0.0808935 0.047381 0.899081
1 0.451797 0.170129 0.0944718 0.0723489 0.891167
0 0.914234 0.420596 0.141193 0.051906 0.883334
0 0.0918194 0.295513 0.182195 0.081654 0.873262
2 0.331175 0.112047 0.034046 0.0557496 0.832329
0 0.278571 0.102533 0.0587203 0.051197 0.813565
6 0.270402 0.523365 0.0957471 0.247037 0.804577
1 0.620075 0.330189 0.0609912 0.121223 0.781244
6 0.178371 0.228283 0.0689915 0.0896374 0.529989
2 0.07894 0.0188898 0.0653506 0.0377796 0.469796
6 0.0779793 0.0201555 0.0606248 0.0396059 0.401406
0 0.521574 0.63157 0.0927953 0.26747 0.96289
1 0.222941 0.0650151 0.0808935 0.047381 0.899081
1 0.451797 0.170129 0.0944718 0.0723489 0.891167
0 0.914234 0.420596 0.141193 0.051906 0.883334
0 0.0918194 0.295513 0.182195 0.081654 0.873262
2 0.331175 0.112047 0.034046 0.0557496 0.832329
0 0.278571 0.102533 0.0587203 0.051197 0.813565
6 0.270402 0.523365 0.0957471 0.247037 0.804577
1 0.620075 0.330189 0.0609912 0.121223 0.781244
6 0.178371 0.228283 0.0689915 0.0896374 0.529989
2 0.07894 0.0188898 0.0653506 0.0377796 0.469796
6 0.0779793 0.0201555 0.0606248 0.0396059 0.401406
0 0.521574 0.63157 0.0927953 0.26747 0.96289
1 0.222941 0.0650151 0.0808935 0.047381 0.899081
1 0.451797 0.170129 0.0944718 0.0723489 0.891167
0 0.914234 0.420596 0.141193 0.051906 0.883334
0 0.0918194 0.295513 0.182195 0.081654 0.873262
2 0.331175 0.112047 0.034046 0.0557496 0.832329
0 0.278571 0.102533 0.0587203 0.051197 0.813565
6 0.270402 0.523365 0.0957471 0.247037 0.804577
1 0.620075 0.330189 0.0609912 0.121223 0.781244
6 0.178371 0.228283 0.0689915 0.0896374 0.529989
2 0.07894 0.0188898 0.0653506 0.0377796 0.469796
6 0.0779793 0.0201555 0.0606248 0.0396059 0.401406
