1 0.146848 0.336116 0.293696 0.672232 0.969416
1 0.515603 0.500259 0.438418 0.999483 0.963134
1 0.268675 0.0568535 0.0536377 0.111259 0.942347
0 0.738343 0.130877 0.0707969 0.261754 0.887047
1 0.147889 0.667894 0.29401 0.664213 0.806038
1 0.146848 0.336116 0.293696 0.672232 0.969416
1 0.515603 0.500259 0.438418 0.999483 0.963134
1 0.268675 0.0568535 0.0536377 0.111259 0.942347
0 0.738343 0.130877 0.0707969 0.261754 0.887047
1 0.147889 0.667894 0.29401 0.664213 0.806038
1 0.146848 0.336116 0.293696 0.672232 0.969416
1 0.515603 0.500259 0.438418 0.999483 0.963134
1 0.268675 0.0568535 0.0536377 0.111259 0.942347
0 0.738343 0.130877 0.0707969 0.261754 0.887047
1 0.147889 0.667894 0.29401 0.664213 0.806038
1 0.146848 0.336116 0.293696 0.672232 0.969416
1 0.515603 0.500259 0.438418 0.999483 0.963134
1 0.268675 0.0568535 0.0536377 0.111259 0.942347
0 0.738343 0.130877 0.0707969 0.261754 0.887047
1 0.147889 0.667894 0.29401 0.664213 0.806038
