0 0.572276 0.82057 0.219563 0.358859 0.964267
2 0.565083 0.107193 0.0748007 0.0866603 0.940157
1 0.854914 0.178012 0.138035 0.0763134 0.859261
0 0.933869 0.273516 0.129037 0.0579129 0.766031
1 0.970094 0.0959615 0.0598118 0.0841924 0.754752
1 0.890194 0.131712 0.0651424 0.0399981 0.544632
0 0.572276 0.82057 0.219563 0.358859 0.964267
2 0.565083 0.107193 0.0748007 0.0866603 0.940157
1 0.854914 0.178012 0.138035 0.0763134 0.859261
0 0.933869 0.273516 0.129037 0.0579129 0.766031
1 0.970094 0.0959615 0.0598118 0.0841924 0.754752
1 0.890194 0.131712 0.0651424 0.0399981 0.544632
0 0.572276 0.82057 0.219563 0.358859 0.964267
2 0.565083 0.107193 0.0748007 0.0866603 0.940157
1 0.854914 0.178012 0.138035 0.0763134 0.859261
0 0.933869 0.273516 0.129037 0.0579129 0.766031
1 0.970094 0.0959615 0.0598118 0.0841924 0.754752
1 0.890194 0.131712 0.0651424 0.0399981 0.544632
0 0.572276 0.82057 0.219563 0.358859 0.964267
2 0.565083 0.107193 0.0748007 0.0866603 0.940157
1 0.854914 0.178012 0.138035 0.0763134 0.859261
0 0.933869 0.273516 0.129037 0.0579129 0.766031
1 0.970094 0.0959615 0.0598118 0.0841924 0.754752
1 0.890194 0.131712 0.0651424 0.0399981 0.544632
