1 0.428518 0.205359 0.0907946 0.410027 0.952106
1 0.619418 0.223095 0.138954 0.44619 0.93476
1 0.704837 0.206675 0.0576637 0.413349 0.895802
4 0.985063 0.260688 0.0298122 0.0823265 0.814935
1 0.428518 0.205359 0.0907946 0.410027 0.952106
1 0.619418 0.223095 0.138954 0.44619 0.93476
1 0.704837 0.206675 0.0576637 0.413349 0.895802
4 0.985063 0.260688 0.0298122 0.0823265 0.814935
1 0.428518 0.205359 0.0907946 0.410027 0.952106
1 0.619418 0.223095 0.138954 0.44619 0.93476
1 0.704837 0.206675 0.0576637 0.413349 0.895802
4 0.985063 0.260688 0.0298122 0.0823265 0.814935
1 0.428518 0.205359 0.0907946 0.410027 0.952106
1 0.619418 0.223095 0.138954 0.44619 0.93476
1 0.704837 0.206675 0.0576637 0.413349 0.895802
4 0.985063 0.260688 0.0298122 0.0823265 0.814935
