1 0.732033 0.289693 0.21374 0.575629 0.962934
1 0.547182 0.367222 0.206547 0.730909 0.95462
1 0.425121 0.207167 0.0902878 0.413018 0.910094
1 0.732033 0.289693 0.21374 0.575629 0.962934
1 0.547182 0.367222 0.206547 0.730909 0.95462
1 0.425121 0.207167 0.0902878 0.413018 0.910094
1 0.732033 0.289693 0.21374 0.575629 0.962934
1 0.547182 0.367222 0.206547 0.730909 0.95462
1 0.425121 0.207167 0.0902878 0.413018 0.910094
1 0.732033 0.289693 0.21374 0.575629 0.962934
1 0.547182 0.367222 0.206547 0.730909 0.95462
1 0.425121 0.207167 0.0902878 0.413018 0.910094
