0 0.213144 0.652325 0.274701 0.652483 0.981932
6 0.595349 0.367235 0.268801 0.285827 0.942538
2 0.982152 0.856572 0.0356966 0.241083 0.321147
0 0.213144 0.652325 0.274701 0.652483 0.981932
6 0.595349 0.367235 0.268801 0.285827 0.942538
2 0.982152 0.856572 0.0356966 0.241083 0.321147
0 0.213144 0.652325 0.274701 0.652483 0.981932
6 0.595349 0.367235 0.268801 0.285827 0.942538
2 0.982152 0.856572 0.0356966 0.241083 0.321147
0 0.213144 0.652325 0.274701 0.652483 0.981932
6 0.595349 0.367235 0.268801 0.285827 0.942538
2 0.982152 0.856572 0.0356966 0.241083 0.321147
