2 0.544381 0.493023 0.293128 0.417298 0.972787
0 0.248841 0.0339549 0.0731681 0.0668144 0.915559
2 0.0307537 0.0710967 0.0601542 0.138032 0.843908
2 0.544381 0.493023 0.293128 0.417298 0.972787
0 0.248841 0.0339549 0.0731681 0.0668144 0.915559
2 0.0307537 0.0710967 0.0601542 0.138032 0.843908
2 0.544381 0.493023 0.293128 0.417298 0.972787
0 0.248841 0.0339549 0.0731681 0.0668144 0.915559
2 0.0307537 0.0710967 0.0601542 0.138032 0.843908
2 0.544381 0.493023 0.293128 0.417298 0.972787
0 0.248841 0.0339549 0.0731681 0.0668144 0.915559
2 0.0307537 0.0710967 0.0601542 0.138032 0.843908
