1 0.568881 0.731099 0.287567 0.537802 0.966894
0 0.59188 0.267357 0.0375696 0.0255929 0.877253
1 0.163953 0.163314 0.0393635 0.171369 0.841722
4 0.421416 0.0983213 0.0199606 0.0588253 0.830044
1 0.111909 0.157912 0.0410911 0.180101 0.804472
0 0.220275 0.185183 0.0229681 0.120668 0.758007
3 0.960797 0.0620825 0.0148331 0.0351351 0.725662
1 0.0729623 0.161161 0.0388438 0.183003 0.677724
0 0.261805 0.180116 0.0232251 0.142879 0.645459
1 0.139789 0.166937 0.0259971 0.173428 0.445125
0 0.986637 0.317596 0.0264379 0.0539647 0.369563
5 0.526588 0.0711356 0.0111203 0.0281404 0.290029
2 0.495327 0.262327 0.0298101 0.0335694 0.28062
6 0.495551 0.260492 0.0289181 0.0335166 0.279384
0 0.242146 0.183914 0.0202403 0.123793 0.279132
1 0.568881 0.731099 0.287567 0.537802 0.966894
0 0.59188 0.267357 0.0375696 0.0255929 0.877253
1 0.163953 0.163314 0.0393635 0.171369 0.841722
4 0.421416 0.0983213 0.0199606 0.0588253 0.830044
1 0.111909 0.157912 0.0410911 0.180101 0.804472
0 0.220275 0.185183 0.0229681 0.120668 0.758007
3 0.960797 0.0620825 0.0148331 0.0351351 0.725662
1 0.0729623 0.161161 0.0388438 0.183003 0.677724
0 0.261805 0.180116 0.0232251 0.142879 0.645459
1 0.139789 0.166937 0.0259971 0.173428 0.445125
0 0.986637 0.317596 0.0264379 0.0539647 0.369563
5 0.526588 0.0711356 0.0111203 0.0281404 0.290029
2 0.495327 0.262327 0.0298101 0.0335694 0.28062
6 0.495551 0.260492 0.0289181 0.0335166 0.279384
0 0.242146 0.183914 0.0202403 0.123793 0.279132
1 0.568881 0.731099 0.287567 0.537802 0.966894
0 0.59188 0.267357 0.0375696 0.0255929 0.877253
1 0.163953 0.163314 0.0393635 0.171369 0.841722
4 0.421416 0.0983213 0.0199606 0.0588253 0.830044
1 0.111909 0.157912 0.0410911 0.180101 0.804472
0 0.220275 0.185183 0.0229681 0.120668 0.758007
3 0.960797 0.0620825 0.0148331 0.0351351 0.725662
1 0.0729623 0.161161 0.0388438 0.183003 0.677724
0 0.261805 0.180116 0.0232251 0.142879 0.645459
1 0.139789 0.166937 0.0259971 0.173428 0.445125
0 0.986637 0.317596 0.0264379 0.0539647 0.369563
5 0.526588 0.0711356 0.0111203 0.0281404 0.290029
2 0.495327 0.262327 0.0298101 0.0335694 0.28062
6 0.495551 0.260492 0.0289181 0.0335166 0.279384
0 0.242146 0.183914 0.0202403 0.123793 0.279132
1 0.568881 0.731099 0.287567 0.537802 0.966894
0 0.59188 0.267357 0.0375696 0.0255929 0.877253
1 0.163953 0.163314 0.0393635 0.171369 0.841722
4 0.421416 0.0983213 0.0199606 0.0588253 0.830044
1 0.111909 0.157912 0.0410911 0.180101 0.804472
0 0.220275 0.185183 0.0229681 0.120668 0.758007
3 0.960797 0.0620825 0.0148331 0.0351351 0.725662
1 0.0729623 0.161161 0.0388438 0.183003 0.677724
0 0.261805 0.180116 0.0232251 0.142879 0.645459
1 0.139789 0.166937 0.0259971 0.173428 0.445125
0 0.986637 0.317596 0.0264379 0.0539647 0.369563
5 0.526588 0.0711356 0.0111203 0.0281404 0.290029
2 0.495327 0.262327 0.0298101 0.0335694 0.28062
6 0.495551 0.260492 0.0289181 0.0335166 0.279384
0 0.242146 0.183914 0.0202403 0.123793 0.279132
