0 0.575198 0.549691 0.091573 0.193311 0.951382
0 0.227678 0.224902 0.0879836 0.445115 0.933325
0 0.323589 0.217807 0.0654937 0.435614 0.932368
0 0.752144 0.355818 0.0693391 0.0417775 0.815273
1 0.0560622 0.327404 0.111821 0.654808 0.670925
6 0.547422 0.281541 0.0538984 0.150156 0.304058
0 0.575198 0.549691 0.091573 0.193311 0.951382
0 0.227678 0.224902 0.0879836 0.445115 0.933325
0 0.323589 0.217807 0.0654937 0.435614 0.932368
0 0.752144 0.355818 0.0693391 0.0417775 0.815273
1 0.0560622 0.327404 0.111821 0.654808 0.670925
6 0.547422 0.281541 0.0538984 0.150156 0.304058
0 0.575198 0.549691 0.091573 0.193311 0.951382
0 0.227678 0.224902 0.0879836 0.445115 0.933325
0 0.323589 0.217807 0.0654937 0.435614 0.932368
0 0.752144 0.355818 0.0693391 0.0417775 0.815273
1 0.0560622 0.327404 0.111821 0.654808 0.670925
6 0.547422 0.281541 0.0538984 0.150156 0.304058
0 0.575198 0.549691 0.091573 0.193311 0.951382
0 0.227678 0.224902 0.0879836 0.445115 0.933325
0 0.323589 0.217807 0.0654937 0.435614 0.932368
0 0.752144 0.355818 0.0693391 0.0417775 0.815273
1 0.0560622 0.327404 0.111821 0.654808 0.670925
6 0.547422 0.281541 0.0538984 0.150156 0.304058
