2 0.602485 0.338161 0.185852 0.118478 0.896173
2 0.349433 0.310308 0.188155 0.180166 0.767398
4 0.662243 0.124114 0.0327326 0.118143 0.745614
2 0.0538733 0.412357 0.0425532 0.0450102 0.602884
1 0.066473 0.333335 0.0634316 0.01654 0.312098
2 0.00903094 0.397068 0.0180619 0.0947669 0.283537
5 0.0986938 0.252237 0.0125192 0.0303084 0.28073
2 0.602485 0.338161 0.185852 0.118478 0.896173
2 0.349433 0.310308 0.188155 0.180166 0.767398
4 0.662243 0.124114 0.0327326 0.118143 0.745614
2 0.0538733 0.412357 0.0425532 0.0450102 0.602884
1 0.066473 0.333335 0.0634316 0.01654 0.312098
2 0.00903094 0.397068 0.0180619 0.0947669 0.283537
5 0.0986938 0.252237 0.0125192 0.0303084 0.28073
