1 0.306105 0.211608 0.0183831 0.0920433 0.738567
1 0.319102 0.211917 0.0196609 0.0938088 0.689741
0 0.438593 0.580172 0.233247 0.135681 0.678852
1 0.342826 0.214839 0.0193377 0.0925586 0.569578
1 0.335341 0.210749 0.0170663 0.0977328 0.405704
0 0.278814 0.212117 0.0121299 0.0887189 0.348398
1 0.306105 0.211608 0.0183831 0.0920433 0.738567
1 0.319102 0.211917 0.0196609 0.0938088 0.689741
0 0.438593 0.580172 0.233247 0.135681 0.678852
1 0.342826 0.214839 0.0193377 0.0925586 0.569578
1 0.335341 0.210749 0.0170663 0.0977328 0.405704
0 0.278814 0.212117 0.0121299 0.0887189 0.348398
1 0.306105 0.211608 0.0183831 0.0920433 0.738567
1 0.319102 0.211917 0.0196609 0.0938088 0.689741
0 0.438593 0.580172 0.233247 0.135681 0.678852
1 0.342826 0.214839 0.0193377 0.0925586 0.569578
1 0.335341 0.210749 0.0170663 0.0977328 0.405704
0 0.278814 0.212117 0.0121299 0.0887189 0.348398
1 0.306105 0.211608 0.0183831 0.0920433 0.738567
1 0.319102 0.211917 0.0196609 0.0938088 0.689741
0 0.438593 0.580172 0.233247 0.135681 0.678852
1 0.342826 0.214839 0.0193377 0.0925586 0.569578
1 0.335341 0.210749 0.0170663 0.0977328 0.405704
0 0.278814 0.212117 0.0121299 0.0887189 0.348398
