6 0.340956 0.490203 0.16986 0.135749 0.899178
6 0.221819 0.302273 0.0988792 0.0678621 0.819407
0 0.0526368 0.0852246 0.0551482 0.0383269 0.618966
2 0.42835 0.0243344 0.0832211 0.0437757 0.603852
6 0.340956 0.490203 0.16986 0.135749 0.899178
6 0.221819 0.302273 0.0988792 0.0678621 0.819407
0 0.0526368 0.0852246 0.0551482 0.0383269 0.618966
2 0.42835 0.0243344 0.0832211 0.0437757 0.603852
6 0.340956 0.490203 0.16986 0.135749 0.899178
6 0.221819 0.302273 0.0988792 0.0678621 0.819407
0 0.0526368 0.0852246 0.0551482 0.0383269 0.618966
2 0.42835 0.0243344 0.0832211 0.0437757 0.603852
6 0.340956 0.490203 0.16986 0.135749 0.899178
6 0.221819 0.302273 0.0988792 0.0678621 0.819407
0 0.0526368 0.0852246 0.0551482 0.0383269 0.618966
2 0.42835 0.0243344 0.0832211 0.0437757 0.603852
