1 0.853607 0.176751 0.292785 0.347451 0.967438
0 0.0748545 0.26661 0.14238 0.331424 0.961843
2 0.657172 0.324222 0.128885 0.358857 0.949974
0 0.246861 0.109593 0.182153 0.219186 0.947001
1 0.60956 0.0882967 0.0984375 0.175808 0.933457
0 0.446506 0.549318 0.112023 0.143409 0.921058
0 0.547634 0.460756 0.0813293 0.145146 0.892461
2 0.0485074 0.0180278 0.0172199 0.0360556 0.447419
1 0.977943 0.485237 0.0441132 0.947587 0.296594
1 0.853607 0.176751 0.292785 0.347451 0.967438
0 0.0748545 0.26661 0.14238 0.331424 0.961843
2 0.657172 0.324222 0.128885 0.358857 0.949974
0 0.246861 0.109593 0.182153 0.219186 0.947001
1 0.60956 0.0882967 0.0984375 0.175808 0.933457
0 0.446506 0.549318 0.112023 0.143409 0.921058
0 0.547634 0.460756 0.0813293 0.145146 0.892461
2 0.0485074 0.0180278 0.0172199 0.0360556 0.447419
1 0.977943 0.485237 0.0441132 0.947587 0.296594
