2 0.348668 0.430827 0.165458 0.264003 0.85853
4 0.589294 0.117128 0.0517319 0.173874 0.82442
3 0.855893 0.0831765 0.0232775 0.0541725 0.800295
5 0.884677 0.0701611 0.0290607 0.0791102 0.703377
0 0.545571 0.404515 0.0479124 0.117397 0.467644
2 0.348668 0.430827 0.165458 0.264003 0.85853
4 0.589294 0.117128 0.0517319 0.173874 0.82442
3 0.855893 0.0831765 0.0232775 0.0541725 0.800295
5 0.884677 0.0701611 0.0290607 0.0791102 0.703377
0 0.545571 0.404515 0.0479124 0.117397 0.467644
2 0.348668 0.430827 0.165458 0.264003 0.85853
4 0.589294 0.117128 0.0517319 0.173874 0.82442
3 0.855893 0.0831765 0.0232775 0.0541725 0.800295
5 0.884677 0.0701611 0.0290607 0.0791102 0.703377
0 0.545571 0.404515 0.0479124 0.117397 0.467644
2 0.348668 0.430827 0.165458 0.264003 0.85853
4 0.589294 0.117128 0.0517319 0.173874 0.82442
3 0.855893 0.0831765 0.0232775 0.0541725 0.800295
5 0.884677 0.0701611 0.0290607 0.0791102 0.703377
0 0.545571 0.404515 0.0479124 0.117397 0.467644
