1 0.567622 0.366189 0.189653 0.731394 0.962287
1 0.335502 0.497699 0.30759 0.988678 0.928475
1 0.161878 0.305232 0.074188 0.610241 0.864502
6 0.80548 0.455205 0.0815526 0.0470843 0.593102
1 0.631606 0.371714 0.062048 0.743428 0.519569
6 0.97576 0.45035 0.0484791 0.0339615 0.391807
1 0.974175 0.449691 0.0516508 0.0315305 0.258768
1 0.567622 0.366189 0.189653 0.731394 0.962287
1 0.335502 0.497699 0.30759 0.988678 0.928475
1 0.161878 0.305232 0.074188 0.610241 0.864502
6 0.80548 0.455205 0.0815526 0.0470843 0.593102
1 0.631606 0.371714 0.062048 0.743428 0.519569
6 0.97576 0.45035 0.0484791 0.0339615 0.391807
1 0.974175 0.449691 0.0516508 0.0315305 0.258768
