0 0.492215 0.259267 0.0783033 0.447975 0.931695
0 0.857832 0.599076 0.283741 0.402637 0.92535
1 0.803293 0.184242 0.204606 0.363585 0.890266
1 0.924847 0.230511 0.148479 0.431597 0.875913
1 0.898272 0.113839 0.134889 0.222968 0.856858
0 0.492215 0.259267 0.0783033 0.447975 0.931695
0 0.857832 0.599076 0.283741 0.402637 0.92535
1 0.803293 0.184242 0.204606 0.363585 0.890266
1 0.924847 0.230511 0.148479 0.431597 0.875913
1 0.898272 0.113839 0.134889 0.222968 0.856858
0 0.492215 0.259267 0.0783033 0.447975 0.931695
0 0.857832 0.599076 0.283741 0.402637 0.92535
1 0.803293 0.184242 0.204606 0.363585 0.890266
1 0.924847 0.230511 0.148479 0.431597 0.875913
1 0.898272 0.113839 0.134889 0.222968 0.856858
0 0.492215 0.259267 0.0783033 0.447975 0.931695
0 0.857832 0.599076 0.283741 0.402637 0.92535
1 0.803293 0.184242 0.204606 0.363585 0.890266
1 0.924847 0.230511 0.148479 0.431597 0.875913
1 0.898272 0.113839 0.134889 0.222968 0.856858
