0 0.392372 0.412748 0.287621 0.24649 0.938943
1 0.615008 0.729465 0.731993 0.54107 0.877083
1 0.250855 0.755756 0.495272 0.488489 0.591863
2 0.0124557 0.140437 0.0249114 0.0438875 0.358202
0 0.392372 0.412748 0.287621 0.24649 0.938943
1 0.615008 0.729465 0.731993 0.54107 0.877083
1 0.250855 0.755756 0.495272 0.488489 0.591863
2 0.0124557 0.140437 0.0249114 0.0438875 0.358202
0 0.392372 0.412748 0.287621 0.24649 0.938943
1 0.615008 0.729465 0.731993 0.54107 0.877083
1 0.250855 0.755756 0.495272 0.488489 0.591863
2 0.0124557 0.140437 0.0249114 0.0438875 0.358202
0 0.392372 0.412748 0.287621 0.24649 0.938943
1 0.615008 0.729465 0.731993 0.54107 0.877083
1 0.250855 0.755756 0.495272 0.488489 0.591863
2 0.0124557 0.140437 0.0249114 0.0438875 0.358202
