2 0.399429 0.852307 0.188887 0.295385 0.807182
0 0.700192 0.568433 0.018556 0.083394 0.73085
0 0.643367 0.635297 0.0264776 0.0322564 0.577822
3 0.450315 0.406029 0.0634321 0.0601717 0.419939
2 0.399429 0.852307 0.188887 0.295385 0.807182
0 0.700192 0.568433 0.018556 0.083394 0.73085
0 0.643367 0.635297 0.0264776 0.0322564 0.577822
3 0.450315 0.406029 0.0634321 0.0601717 0.419939
2 0.399429 0.852307 0.188887 0.295385 0.807182
0 0.700192 0.568433 0.018556 0.083394 0.73085
0 0.643367 0.635297 0.0264776 0.0322564 0.577822
3 0.450315 0.406029 0.0634321 0.0601717 0.419939
2 0.399429 0.852307 0.188887 0.295385 0.807182
0 0.700192 0.568433 0.018556 0.083394 0.73085
0 0.643367 0.635297 0.0264776 0.0322564 0.577822
3 0.450315 0.406029 0.0634321 0.0601717 0.419939
