0 0.711164 0.458705 0.496342 0.19757 0.895705
0 0.342432 0.367032 0.0191068 0.12841 0.869557
1 0.145379 0.336541 0.0356162 0.190931 0.861478
1 0.23689 0.343265 0.0283935 0.172759 0.85456
1 0.19328 0.337885 0.0381381 0.187314 0.845589
0 0.299961 0.375103 0.0195231 0.115637 0.57448
0 0.244571 0.452534 0.117535 0.0504368 0.570069
3 0.856125 0.296908 0.00876579 0.0211129 0.550174
0 0.274656 0.37104 0.0175109 0.116717 0.520536
5 0.480502 0.293326 0.0144545 0.0337352 0.458494
1 0.204172 0.3405 0.0246063 0.171751 0.272682
0 0.711164 0.458705 0.496342 0.19757 0.895705
0 0.342432 0.367032 0.0191068 0.12841 0.869557
1 0.145379 0.336541 0.0356162 0.190931 0.861478
1 0.23689 0.343265 0.0283935 0.172759 0.85456
1 0.19328 0.337885 0.0381381 0.187314 0.845589
0 0.299961 0.375103 0.0195231 0.115637 0.57448
0 0.244571 0.452534 0.117535 0.0504368 0.570069
3 0.856125 0.296908 0.00876579 0.0211129 0.550174
0 0.274656 0.37104 0.0175109 0.116717 0.520536
5 0.480502 0.293326 0.0144545 0.0337352 0.458494
1 0.204172 0.3405 0.0246063 0.171751 0.272682
0 0.711164 0.458705 0.496342 0.19757 0.895705
0 0.342432 0.367032 0.0191068 0.12841 0.869557
1 0.145379 0.336541 0.0356162 0.190931 0.861478
1 0.23689 0.343265 0.0283935 0.172759 0.85456
1 0.19328 0.337885 0.0381381 0.187314 0.845589
0 0.299961 0.375103 0.0195231 0.115637 0.57448
0 0.244571 0.452534 0.117535 0.0504368 0.570069
3 0.856125 0.296908 0.00876579 0.0211129 0.550174
0 0.274656 0.37104 0.0175109 0.116717 0.520536
5 0.480502 0.293326 0.0144545 0.0337352 0.458494
1 0.204172 0.3405 0.0246063 0.171751 0.272682
0 0.711164 0.458705 0.496342 0.19757 0.895705
0 0.342432 0.367032 0.0191068 0.12841 0.869557
1 0.145379 0.336541 0.0356162 0.190931 0.861478
1 0.23689 0.343265 0.0283935 0.172759 0.85456
1 0.19328 0.337885 0.0381381 0.187314 0.845589
0 0.299961 0.375103 0.0195231 0.115637 0.57448
0 0.244571 0.452534 0.117535 0.0504368 0.570069
3 0.856125 0.296908 0.00876579 0.0211129 0.550174
0 0.274656 0.37104 0.0175109 0.116717 0.520536
5 0.480502 0.293326 0.0144545 0.0337352 0.458494
1 0.204172 0.3405 0.0246063 0.171751 0.272682
