0 0.533306 0.411228 0.212868 0.819012 0.981273
1 0.301229 0.188081 0.125363 0.374632 0.939997
0 0.129426 0.142023 0.059505 0.0833058 0.793041
1 0.397806 0.115742 0.0663543 0.231485 0.597238
0 0.533306 0.411228 0.212868 0.819012 0.981273
1 0.301229 0.188081 0.125363 0.374632 0.939997
0 0.129426 0.142023 0.059505 0.0833058 0.793041
1 0.397806 0.115742 0.0663543 0.231485 0.597238
0 0.533306 0.411228 0.212868 0.819012 0.981273
1 0.301229 0.188081 0.125363 0.374632 0.939997
0 0.129426 0.142023 0.059505 0.0833058 0.793041
1 0.397806 0.115742 0.0663543 0.231485 0.597238
0 0.533306 0.411228 0.212868 0.819012 0.981273
1 0.301229 0.188081 0.125363 0.374632 0.939997
0 0.129426 0.142023 0.059505 0.0833058 0.793041
1 0.397806 0.115742 0.0663543 0.231485 0.597238
