0 0.863509 0.223828 0.0264721 0.102489 0.888586
1 0.787724 0.210927 0.0480692 0.137313 0.886429
0 0.975147 0.261869 0.0497061 0.022169 0.780646
1 0.752762 0.209399 0.0313656 0.133713 0.776452
4 0.526995 0.301873 0.109022 0.603746 0.4923
5 0.795482 0.0228758 0.0132354 0.041794 0.353085
6 0.853445 0.315369 0.041049 0.0267107 0.269916
0 0.863509 0.223828 0.0264721 0.102489 0.888586
1 0.787724 0.210927 0.0480692 0.137313 0.886429
0 0.975147 0.261869 0.0497061 0.022169 0.780646
1 0.752762 0.209399 0.0313656 0.133713 0.776452
4 0.526995 0.301873 0.109022 0.603746 0.4923
5 0.795482 0.0228758 0.0132354 0.041794 0.353085
6 0.853445 0.315369 0.041049 0.0267107 0.269916
0 0.863509 0.223828 0.0264721 0.102489 0.888586
1 0.787724 0.210927 0.0480692 0.137313 0.886429
0 0.975147 0.261869 0.0497061 0.022169 0.780646
1 0.752762 0.209399 0.0313656 0.133713 0.776452
4 0.526995 0.301873 0.109022 0.603746 0.4923
5 0.795482 0.0228758 0.0132354 0.041794 0.353085
6 0.853445 0.315369 0.041049 0.0267107 0.269916
0 0.863509 0.223828 0.0264721 0.102489 0.888586
1 0.787724 0.210927 0.0480692 0.137313 0.886429
0 0.975147 0.261869 0.0497061 0.022169 0.780646
1 0.752762 0.209399 0.0313656 0.133713 0.776452
4 0.526995 0.301873 0.109022 0.603746 0.4923
5 0.795482 0.0228758 0.0132354 0.041794 0.353085
6 0.853445 0.315369 0.041049 0.0267107 0.269916
