1 0.553792 0.522123 0.16548 0.18901 0.950169
0 0.409436 0.367755 0.047464 0.372882 0.882505
1 0.474843 0.354016 0.0524803 0.331954 0.881967
0 0.334853 0.361037 0.0495862 0.392873 0.873683
1 0.607898 0.319519 0.0325706 0.252618 0.839522
1 0.568186 0.293035 0.0611843 0.288171 0.778585
1 0.231096 0.461189 0.0474267 0.0241425 0.756802
0 0.042314 0.493879 0.084628 0.0376329 0.753002
1 0.524355 0.324952 0.0344378 0.237441 0.735538
0 0.283295 0.380803 0.0427924 0.280961 0.727346
4 0.724413 0.365914 0.0292379 0.0974282 0.653368
0 0.268377 0.384206 0.0136227 0.270162 0.485708
4 0.16515 0.32627 0.018095 0.0448279 0.404528
0 0.299314 0.384268 0.020822 0.274363 0.29766
1 0.553792 0.522123 0.16548 0.18901 0.950169
0 0.409436 0.367755 0.047464 0.372882 0.882505
1 0.474843 0.354016 0.0524803 0.331954 0.881967
0 0.334853 0.361037 0.0495862 0.392873 0.873683
1 0.607898 0.319519 0.0325706 0.252618 0.839522
1 0.568186 0.293035 0.0611843 0.288171 0.778585
1 0.231096 0.461189 0.0474267 0.0241425 0.756802
0 0.042314 0.493879 0.084628 0.0376329 0.753002
1 0.524355 0.324952 0.0344378 0.237441 0.735538
0 0.283295 0.380803 0.0427924 0.280961 0.727346
4 0.724413 0.365914 0.0292379 0.0974282 0.653368
0 0.268377 0.384206 0.0136227 0.270162 0.485708
4 0.16515 0.32627 0.018095 0.0448279 0.404528
0 0.299314 0.384268 0.020822 0.274363 0.29766
1 0.553792 0.522123 0.16548 0.18901 0.950169
0 0.409436 0.367755 0.047464 0.372882 0.882505
1 0.474843 0.354016 0.0524803 0.331954 0.881967
0 0.334853 0.361037 0.0495862 0.392873 0.873683
1 0.607898 0.319519 0.0325706 0.252618 0.839522
1 0.568186 0.293035 0.0611843 0.288171 0.778585
1 0.231096 0.461189 0.0474267 0.0241425 0.756802
0 0.042314 0.493879 0.084628 0.0376329 0.753002
1 0.524355 0.324952 0.0344378 0.237441 0.735538
0 0.283295 0.380803 0.0427924 0.280961 0.727346
4 0.724413 0.365914 0.0292379 0.0974282 0.653368
0 0.268377 0.384206 0.0136227 0.270162 0.485708
4 0.16515 0.32627 0.018095 0.0448279 0.404528
0 0.299314 0.384268 0.020822 0.274363 0.29766
1 0.553792 0.522123 0.16548 0.18901 0.950169
0 0.409436 0.367755 0.047464 0.372882 0.882505
1 0.474843 0.354016 0.0524803 0.331954 0.881967
0 0.334853 0.361037 0.0495862 0.392873 0.873683
1 0.607898 0.319519 0.0325706 0.252618 0.839522
1 0.568186 0.293035 0.0611843 0.288171 0.778585
1 0.231096 0.461189 0.0474267 0.0241425 0.756802
0 0.042314 0.493879 0.084628 0.0376329 0.753002
1 0.524355 0.324952 0.0344378 0.237441 0.735538
0 0.283295 0.380803 0.0427924 0.280961 0.727346
4 0.724413 0.365914 0.0292379 0.0974282 0.653368
0 0.268377 0.384206 0.0136227 0.270162 0.485708
4 0.16515 0.32627 0.018095 0.0448279 0.404528
0 0.299314 0.384268 0.020822 0.274363 0.29766
