2 0.751593 0.630804 0.170285 0.272125 0.95621
2 0.642634 0.149718 0.0949863 0.120771 0.953669
0 0.139927 0.480262 0.138147 0.292415 0.947359
1 0.380048 0.890212 0.18481 0.219576 0.940802
2 0.0374276 0.475497 0.0746936 0.286391 0.734076
1 0.637563 0.0733609 0.135586 0.144826 0.531787
6 0.579308 0.0162842 0.0297734 0.0308473 0.275714
2 0.751593 0.630804 0.170285 0.272125 0.95621
2 0.642634 0.149718 0.0949863 0.120771 0.953669
0 0.139927 0.480262 0.138147 0.292415 0.947359
1 0.380048 0.890212 0.18481 0.219576 0.940802
2 0.0374276 0.475497 0.0746936 0.286391 0.734076
1 0.637563 0.0733609 0.135586 0.144826 0.531787
6 0.579308 0.0162842 0.0297734 0.0308473 0.275714
