0 0.09335 0.455908 0.12526 0.0601993 0.894138
0 0.133525 0.0986498 0.0290136 0.0885573 0.841348
1 0.0200815 0.25827 0.0401631 0.0780618 0.708941
1 0.179347 0.0633246 0.0234964 0.122271 0.668005
0 0.061055 0.129343 0.0273039 0.0346382 0.645875
0 0.194648 0.0855527 0.0203644 0.102843 0.555926
1 0.194944 0.0788609 0.0215971 0.128093 0.384572
2 0.029958 0.0116077 0.0182633 0.0232154 0.352082
0 0.0362392 0.482884 0.0386203 0.0443459 0.269831
0 0.09335 0.455908 0.12526 0.0601993 0.894138
0 0.133525 0.0986498 0.0290136 0.0885573 0.841348
1 0.0200815 0.25827 0.0401631 0.0780618 0.708941
1 0.179347 0.0633246 0.0234964 0.122271 0.668005
0 0.061055 0.129343 0.0273039 0.0346382 0.645875
0 0.194648 0.0855527 0.0203644 0.102843 0.555926
1 0.194944 0.0788609 0.0215971 0.128093 0.384572
2 0.029958 0.0116077 0.0182633 0.0232154 0.352082
0 0.0362392 0.482884 0.0386203 0.0443459 0.269831
0 0.09335 0.455908 0.12526 0.0601993 0.894138
0 0.133525 0.0986498 0.0290136 0.0885573 0.841348
1 0.0200815 0.25827 0.0401631 0.0780618 0.708941
1 0.179347 0.0633246 0.0234964 0.122271 0.668005
0 0.061055 0.129343 0.0273039 0.0346382 0.645875
0 0.194648 0.0855527 0.0203644 0.102843 0.555926
1 0.194944 0.0788609 0.0215971 0.128093 0.384572
2 0.029958 0.0116077 0.0182633 0.0232154 0.352082
0 0.0362392 0.482884 0.0386203 0.0443459 0.269831
0 0.09335 0.455908 0.12526 0.0601993 0.894138
0 0.133525 0.0986498 0.0290136 0.0885573 0.841348
1 0.0200815 0.25827 0.0401631 0.0780618 0.708941
1 0.179347 0.0633246 0.0234964 0.122271 0.668005
0 0.061055 0.129343 0.0273039 0.0346382 0.645875
0 0.194648 0.0855527 0.0203644 0.102843 0.555926
1 0.194944 0.0788609 0.0215971 0.128093 0.384572
2 0.029958 0.0116077 0.0182633 0.0232154 0.352082
0 0.0362392 0.482884 0.0386203 0.0443459 0.269831
