1 0.166834 0.457566 0.333669 0.915131 0.96604
0 0.548694 0.199693 0.0937465 0.399387 0.938326
0 0.846525 0.129073 0.0984769 0.11553 0.912087
1 0.0927517 0.80066 0.183818 0.395002 0.870758
2 0.908296 0.0254642 0.0881544 0.05006 0.824121
6 0.969492 0.245039 0.0610157 0.100251 0.579346
1 0.987617 0.432595 0.0247009 0.146468 0.494021
1 0.166834 0.457566 0.333669 0.915131 0.96604
0 0.548694 0.199693 0.0937465 0.399387 0.938326
0 0.846525 0.129073 0.0984769 0.11553 0.912087
1 0.0927517 0.80066 0.183818 0.395002 0.870758
2 0.908296 0.0254642 0.0881544 0.05006 0.824121
6 0.969492 0.245039 0.0610157 0.100251 0.579346
1 0.987617 0.432595 0.0247009 0.146468 0.494021
