2 0.0808973 0.0930946 0.161448 0.186117 0.926105
6 0.410071 0.459982 0.177735 0.218934 0.912019
1 0.246731 0.924222 0.307818 0.151229 0.373438
2 0.0808973 0.0930946 0.161448 0.186117 0.926105
6 0.410071 0.459982 0.177735 0.218934 0.912019
1 0.246731 0.924222 0.307818 0.151229 0.373438
2 0.0808973 0.0930946 0.161448 0.186117 0.926105
6 0.410071 0.459982 0.177735 0.218934 0.912019
1 0.246731 0.924222 0.307818 0.151229 0.373438
2 0.0808973 0.0930946 0.161448 0.186117 0.926105
6 0.410071 0.459982 0.177735 0.218934 0.912019
1 0.246731 0.924222 0.307818 0.151229 0.373438
