0 0.886043 0.344726 0.19214 0.673367 0.95985
0 0.435856 0.30748 0.104307 0.551491 0.937984
1 0.691778 0.207873 0.0980387 0.415745 0.923868
1 0.752737 0.161235 0.0647316 0.32247 0.892012
1 0.855997 0.196932 0.110417 0.393864 0.863672
2 0.171012 0.234769 0.0271941 0.0440257 0.859329
0 0.229948 0.192074 0.0288553 0.0242553 0.784113
4 0.534707 0.0476368 0.0299966 0.0952737 0.624764
1 0.651401 0.192285 0.0216897 0.375357 0.471902
5 0.0758057 0.018945 0.0198483 0.0336079 0.437331
0 0.886043 0.344726 0.19214 0.673367 0.95985
0 0.435856 0.30748 0.104307 0.551491 0.937984
1 0.691778 0.207873 0.0980387 0.415745 0.923868
1 0.752737 0.161235 0.0647316 0.32247 0.892012
1 0.855997 0.196932 0.110417 0.393864 0.863672
2 0.171012 0.234769 0.0271941 0.0440257 0.859329
0 0.229948 0.192074 0.0288553 0.0242553 0.784113
4 0.534707 0.0476368 0.0299966 0.0952737 0.624764
1 0.651401 0.192285 0.0216897 0.375357 0.471902
5 0.0758057 0.018945 0.0198483 0.0336079 0.437331
