1 0.722138 0.30599 0.455932 0.206401 0.941608
0 0.97518 0.122677 0.0489357 0.207644 0.719639
4 0.623376 0.0275884 0.0242527 0.0551769 0.395167
1 0.722138 0.30599 0.455932 0.206401 0.941608
0 0.97518 0.122677 0.0489357 0.207644 0.719639
4 0.623376 0.0275884 0.0242527 0.0551769 0.395167
1 0.722138 0.30599 0.455932 0.206401 0.941608
0 0.97518 0.122677 0.0489357 0.207644 0.719639
4 0.623376 0.0275884 0.0242527 0.0551769 0.395167
1 0.722138 0.30599 0.455932 0.206401 0.941608
0 0.97518 0.122677 0.0489357 0.207644 0.719639
4 0.623376 0.0275884 0.0242527 0.0551769 0.395167
