1 0.482377 0.202321 0.0418823 0.0453758 0.838304
0 0.916596 0.172881 0.0296127 0.0573504 0.803901
2 0.820807 0.129774 0.0541482 0.0543772 0.656519
2 0.649841 0.0784982 0.0270549 0.0302622 0.504541
6 0.649606 0.0787085 0.028355 0.0289023 0.299434
1 0.482377 0.202321 0.0418823 0.0453758 0.838304
0 0.916596 0.172881 0.0296127 0.0573504 0.803901
2 0.820807 0.129774 0.0541482 0.0543772 0.656519
2 0.649841 0.0784982 0.0270549 0.0302622 0.504541
6 0.649606 0.0787085 0.028355 0.0289023 0.299434
1 0.482377 0.202321 0.0418823 0.0453758 0.838304
0 0.916596 0.172881 0.0296127 0.0573504 0.803901
2 0.820807 0.129774 0.0541482 0.0543772 0.656519
2 0.649841 0.0784982 0.0270549 0.0302622 0.504541
6 0.649606 0.0787085 0.028355 0.0289023 0.299434
1 0.482377 0.202321 0.0418823 0.0453758 0.838304
0 0.916596 0.172881 0.0296127 0.0573504 0.803901
2 0.820807 0.129774 0.0541482 0.0543772 0.656519
2 0.649841 0.0784982 0.0270549 0.0302622 0.504541
6 0.649606 0.0787085 0.028355 0.0289023 0.299434
