0 0.37259 0.645934 0.239822 0.708132 0.958138
1 0.682569 0.303084 0.166903 0.162737 0.953335
1 0.557803 0.0339927 0.0274714 0.0655637 0.892225
2 0.140903 0.626573 0.179816 0.158945 0.870119
2 0.0143113 0.208628 0.0286227 0.0797746 0.404064
2 0.39581 0.0635382 0.0365844 0.0773847 0.345243
0 0.37259 0.645934 0.239822 0.708132 0.958138
1 0.682569 0.303084 0.166903 0.162737 0.953335
1 0.557803 0.0339927 0.0274714 0.0655637 0.892225
2 0.140903 0.626573 0.179816 0.158945 0.870119
2 0.0143113 0.208628 0.0286227 0.0797746 0.404064
2 0.39581 0.0635382 0.0365844 0.0773847 0.345243
0 0.37259 0.645934 0.239822 0.708132 0.958138
1 0.682569 0.303084 0.166903 0.162737 0.953335
1 0.557803 0.0339927 0.0274714 0.0655637 0.892225
2 0.140903 0.626573 0.179816 0.158945 0.870119
2 0.0143113 0.208628 0.0286227 0.0797746 0.404064
2 0.39581 0.0635382 0.0365844 0.0773847 0.345243
0 0.37259 0.645934 0.239822 0.708132 0.958138
1 0.682569 0.303084 0.166903 0.162737 0.953335
1 0.557803 0.0339927 0.0274714 0.0655637 0.892225
2 0.140903 0.626573 0.179816 0.158945 0.870119
2 0.0143113 0.208628 0.0286227 0.0797746 0.404064
2 0.39581 0.0635382 0.0365844 0.0773847 0.345243
