0 0.62207 0.352868 0.190605 0.208518 0.953874
0 0.870157 0.271297 0.124437 0.119174 0.927367
0 0.407293 0.0365778 0.061606 0.0684687 0.695717
2 0.638995 0.0389216 0.100712 0.075581 0.644435
1 0.0707466 0.0861446 0.141493 0.171238 0.620225
0 0.320158 0.0213884 0.063097 0.0402274 0.587323
0 0.62207 0.352868 0.190605 0.208518 0.953874
0 0.870157 0.271297 0.124437 0.119174 0.927367
0 0.407293 0.0365778 0.061606 0.0684687 0.695717
2 0.638995 0.0389216 0.100712 0.075581 0.644435
1 0.0707466 0.0861446 0.141493 0.171238 0.620225
0 0.320158 0.0213884 0.063097 0.0402274 0.587323
0 0.62207 0.352868 0.190605 0.208518 0.953874
0 0.870157 0.271297 0.124437 0.119174 0.927367
0 0.407293 0.0365778 0.061606 0.0684687 0.695717
2 0.638995 0.0389216 0.100712 0.075581 0.644435
1 0.0707466 0.0861446 0.141493 0.171238 0.620225
0 0.320158 0.0213884 0.063097 0.0402274 0.587323
0 0.62207 0.352868 0.190605 0.208518 0.953874
0 0.870157 0.271297 0.124437 0.119174 0.927367
0 0.407293 0.0365778 0.061606 0.0684687 0.695717
2 0.638995 0.0389216 0.100712 0.075581 0.644435
1 0.0707466 0.0861446 0.141493 0.171238 0.620225
0 0.320158 0.0213884 0.063097 0.0402274 0.587323
