0 0.45371 0.382866 0.147196 0.267671 0.965973
1 0.303507 0.276095 0.163322 0.54406 0.956025
1 0.497817 0.0204501 0.137345 0.0409002 0.788034
0 0.45371 0.382866 0.147196 0.267671 0.965973
1 0.303507 0.276095 0.163322 0.54406 0.956025
1 0.497817 0.0204501 0.137345 0.0409002 0.788034
0 0.45371 0.382866 0.147196 0.267671 0.965973
1 0.303507 0.276095 0.163322 0.54406 0.956025
1 0.497817 0.0204501 0.137345 0.0409002 0.788034
0 0.45371 0.382866 0.147196 0.267671 0.965973
1 0.303507 0.276095 0.163322 0.54406 0.956025
1 0.497817 0.0204501 0.137345 0.0409002 0.788034
