0 0.107826 0.419832 0.0249529 0.116866 0.928903
1 0.405097 0.643255 0.0991267 0.24558 0.876145
5 0.120256 0.304966 0.010503 0.0307378 0.865854
0 0.0350714 0.431561 0.027597 0.118813 0.828803
6 0.405448 0.643232 0.0991279 0.248629 0.817408
0 0.243647 0.477492 0.0355499 0.037347 0.801076
2 0.432208 0.441276 0.0645124 0.0582497 0.796594
1 0.00953996 0.433299 0.0190799 0.133081 0.473394
2 0.314615 0.440784 0.0225078 0.0199337 0.387916
2 0.39016 0.455989 0.0286506 0.041045 0.363163
0 0.107826 0.419832 0.0249529 0.116866 0.928903
1 0.405097 0.643255 0.0991267 0.24558 0.876145
5 0.120256 0.304966 0.010503 0.0307378 0.865854
0 0.0350714 0.431561 0.027597 0.118813 0.828803
6 0.405448 0.643232 0.0991279 0.248629 0.817408
0 0.243647 0.477492 0.0355499 0.037347 0.801076
2 0.432208 0.441276 0.0645124 0.0582497 0.796594
1 0.00953996 0.433299 0.0190799 0.133081 0.473394
2 0.314615 0.440784 0.0225078 0.0199337 0.387916
2 0.39016 0.455989 0.0286506 0.041045 0.363163
0 0.107826 0.419832 0.0249529 0.116866 0.928903
1 0.405097 0.643255 0.0991267 0.24558 0.876145
5 0.120256 0.304966 0.010503 0.0307378 0.865854
0 0.0350714 0.431561 0.027597 0.118813 0.828803
6 0.405448 0.643232 0.0991279 0.248629 0.817408
0 0.243647 0.477492 0.0355499 0.037347 0.801076
2 0.432208 0.441276 0.0645124 0.0582497 0.796594
1 0.00953996 0.433299 0.0190799 0.133081 0.473394
2 0.314615 0.440784 0.0225078 0.0199337 0.387916
2 0.39016 0.455989 0.0286506 0.041045 0.363163
