0 0.513883 0.160217 0.0500952 0.137115 0.966339
0 0.571735 0.498258 0.0772859 0.466033 0.947071
1 0.939058 0.137783 0.121744 0.27186 0.855664
0 0.513883 0.160217 0.0500952 0.137115 0.966339
0 0.571735 0.498258 0.0772859 0.466033 0.947071
1 0.939058 0.137783 0.121744 0.27186 0.855664
0 0.513883 0.160217 0.0500952 0.137115 0.966339
0 0.571735 0.498258 0.0772859 0.466033 0.947071
1 0.939058 0.137783 0.121744 0.27186 0.855664
0 0.513883 0.160217 0.0500952 0.137115 0.966339
0 0.571735 0.498258 0.0772859 0.466033 0.947071
1 0.939058 0.137783 0.121744 0.27186 0.855664
