1 0.609378 0.316633 0.177618 0.629229 0.948493
1 0.369219 0.279249 0.127581 0.552728 0.943348
1 0.157227 0.416836 0.0607768 0.0297451 0.908057
1 0.489246 0.256899 0.0599669 0.512368 0.896362
2 0.278631 0.434201 0.0430727 0.0616938 0.878139
0 0.060057 0.398764 0.120114 0.797528 0.835561
4 0.740683 0.303721 0.0288231 0.117673 0.67885
1 0.0611675 0.399899 0.122335 0.799797 0.2946
1 0.609378 0.316633 0.177618 0.629229 0.948493
1 0.369219 0.279249 0.127581 0.552728 0.943348
1 0.157227 0.416836 0.0607768 0.0297451 0.908057
1 0.489246 0.256899 0.0599669 0.512368 0.896362
2 0.278631 0.434201 0.0430727 0.0616938 0.878139
0 0.060057 0.398764 0.120114 0.797528 0.835561
4 0.740683 0.303721 0.0288231 0.117673 0.67885
1 0.0611675 0.399899 0.122335 0.799797 0.2946
