5 0.405142 0.329035 0.157248 0.48317 0.925136
5 0.545644 0.669436 0.095828 0.250611 0.774921
3 0.545835 0.667661 0.0949933 0.251194 0.519469
5 0.405142 0.329035 0.157248 0.48317 0.925136
5 0.545644 0.669436 0.095828 0.250611 0.774921
3 0.545835 0.667661 0.0949933 0.251194 0.519469
5 0.405142 0.329035 0.157248 0.48317 0.925136
5 0.545644 0.669436 0.095828 0.250611 0.774921
3 0.545835 0.667661 0.0949933 0.251194 0.519469
5 0.405142 0.329035 0.157248 0.48317 0.925136
5 0.545644 0.669436 0.095828 0.250611 0.774921
3 0.545835 0.667661 0.0949933 0.251194 0.519469
