1 0.654257 0.818754 0.47394 0.362491 0.871852
4 0.510538 0.237157 0.0298937 0.101001 0.825016
2 0.96704 0.737556 0.0659189 0.259779 0.67205
6 0.346743 0.522218 0.0609968 0.0356798 0.508218
2 0.0833041 0.367573 0.0431343 0.03556 0.490147
1 0.654257 0.818754 0.47394 0.362491 0.871852
4 0.510538 0.237157 0.0298937 0.101001 0.825016
2 0.96704 0.737556 0.0659189 0.259779 0.67205
6 0.346743 0.522218 0.0609968 0.0356798 0.508218
2 0.0833041 0.367573 0.0431343 0.03556 0.490147
1 0.654257 0.818754 0.47394 0.362491 0.871852
4 0.510538 0.237157 0.0298937 0.101001 0.825016
2 0.96704 0.737556 0.0659189 0.259779 0.67205
6 0.346743 0.522218 0.0609968 0.0356798 0.508218
2 0.0833041 0.367573 0.0431343 0.03556 0.490147
1 0.654257 0.818754 0.47394 0.362491 0.871852
4 0.510538 0.237157 0.0298937 0.101001 0.825016
2 0.96704 0.737556 0.0659189 0.259779 0.67205
6 0.346743 0.522218 0.0609968 0.0356798 0.508218
2 0.0833041 0.367573 0.0431343 0.03556 0.490147
