0 0.572112 0.301842 0.140859 0.507789 0.937704
1 0.894093 0.0624917 0.132637 0.123171 0.781096
0 0.893008 0.0626209 0.130407 0.123372 0.315334
0 0.572112 0.301842 0.140859 0.507789 0.937704
1 0.894093 0.0624917 0.132637 0.123171 0.781096
0 0.893008 0.0626209 0.130407 0.123372 0.315334
0 0.572112 0.301842 0.140859 0.507789 0.937704
1 0.894093 0.0624917 0.132637 0.123171 0.781096
0 0.893008 0.0626209 0.130407 0.123372 0.315334
0 0.572112 0.301842 0.140859 0.507789 0.937704
1 0.894093 0.0624917 0.132637 0.123171 0.781096
0 0.893008 0.0626209 0.130407 0.123372 0.315334
