2 0.409254 0.534904 0.173495 0.233526 0.972528
1 0.921786 0.355919 0.111978 0.109118 0.897761
5 0.105401 0.0225792 0.0267957 0.0451584 0.822167
4 0.42532 0.030317 0.0325073 0.0606341 0.814244
2 0.409254 0.534904 0.173495 0.233526 0.972528
1 0.921786 0.355919 0.111978 0.109118 0.897761
5 0.105401 0.0225792 0.0267957 0.0451584 0.822167
4 0.42532 0.030317 0.0325073 0.0606341 0.814244
2 0.409254 0.534904 0.173495 0.233526 0.972528
1 0.921786 0.355919 0.111978 0.109118 0.897761
5 0.105401 0.0225792 0.0267957 0.0451584 0.822167
4 0.42532 0.030317 0.0325073 0.0606341 0.814244
2 0.409254 0.534904 0.173495 0.233526 0.972528
1 0.921786 0.355919 0.111978 0.109118 0.897761
5 0.105401 0.0225792 0.0267957 0.0451584 0.822167
4 0.42532 0.030317 0.0325073 0.0606341 0.814244
