1 0.417707 0.849656 0.150492 0.300688 0.480891
6 0.417709 0.848911 0.150229 0.301892 0.470792
6 0.585009 0.0206825 0.0272004 0.0402588 0.256169
1 0.417707 0.849656 0.150492 0.300688 0.480891
6 0.417709 0.848911 0.150229 0.301892 0.470792
6 0.585009 0.0206825 0.0272004 0.0402588 0.256169
1 0.417707 0.849656 0.150492 0.300688 0.480891
6 0.417709 0.848911 0.150229 0.301892 0.470792
6 0.585009 0.0206825 0.0272004 0.0402588 0.256169
1 0.417707 0.849656 0.150492 0.300688 0.480891
6 0.417709 0.848911 0.150229 0.301892 0.470792
6 0.585009 0.0206825 0.0272004 0.0402588 0.256169
