0 0.37896 0.540843 0.261825 0.171373 0.912986
0 0.879827 0.421019 0.0722736 0.0511339 0.825503
1 0.767618 0.294256 0.0297615 0.0499596 0.440725
2 0.768947 0.292842 0.0282815 0.0515472 0.415654
2 0.734032 0.166467 0.0210598 0.0250908 0.401785
4 0.182337 0.139503 0.0313866 0.0840881 0.345462
6 0.43022 0.351136 0.0234354 0.0160777 0.275072
2 0.689011 0.151698 0.0215962 0.0206382 0.272499
0 0.37896 0.540843 0.261825 0.171373 0.912986
0 0.879827 0.421019 0.0722736 0.0511339 0.825503
1 0.767618 0.294256 0.0297615 0.0499596 0.440725
2 0.768947 0.292842 0.0282815 0.0515472 0.415654
2 0.734032 0.166467 0.0210598 0.0250908 0.401785
4 0.182337 0.139503 0.0313866 0.0840881 0.345462
6 0.43022 0.351136 0.0234354 0.0160777 0.275072
2 0.689011 0.151698 0.0215962 0.0206382 0.272499
