1 0.285091 0.241257 0.320943 0.482514 0.962158
1 0.489153 0.138706 0.131776 0.276581 0.9244
1 0.449505 0.774965 0.292 0.450071 0.908534
6 0.796661 0.35856 0.406677 0.476667 0.452253
1 0.796164 0.315687 0.407673 0.548533 0.353785
0 0.692247 0.972658 0.0838661 0.0542846 0.297963
1 0.285091 0.241257 0.320943 0.482514 0.962158
1 0.489153 0.138706 0.131776 0.276581 0.9244
1 0.449505 0.774965 0.292 0.450071 0.908534
6 0.796661 0.35856 0.406677 0.476667 0.452253
1 0.796164 0.315687 0.407673 0.548533 0.353785
0 0.692247 0.972658 0.0838661 0.0542846 0.297963
