1 0.790133 0.462509 0.270797 0.421035 0.957346
0 0.534619 0.283979 0.118233 0.567958 0.956449
0 0.369069 0.304251 0.133419 0.607773 0.953636
1 0.790133 0.462509 0.270797 0.421035 0.957346
0 0.534619 0.283979 0.118233 0.567958 0.956449
0 0.369069 0.304251 0.133419 0.607773 0.953636
1 0.790133 0.462509 0.270797 0.421035 0.957346
0 0.534619 0.283979 0.118233 0.567958 0.956449
0 0.369069 0.304251 0.133419 0.607773 0.953636
1 0.790133 0.462509 0.270797 0.421035 0.957346
0 0.534619 0.283979 0.118233 0.567958 0.956449
0 0.369069 0.304251 0.133419 0.607773 0.953636
