0 0.49546 0.395662 0.161825 0.782503 0.968576
2 0.44251 0.0374827 0.0713589 0.0749654 0.931629
0 0.923099 0.367633 0.153667 0.499098 0.763069
0 0.561507 0.206459 0.0747374 0.409378 0.703774
0 0.49546 0.395662 0.161825 0.782503 0.968576
2 0.44251 0.0374827 0.0713589 0.0749654 0.931629
0 0.923099 0.367633 0.153667 0.499098 0.763069
0 0.561507 0.206459 0.0747374 0.409378 0.703774
0 0.49546 0.395662 0.161825 0.782503 0.968576
2 0.44251 0.0374827 0.0713589 0.0749654 0.931629
0 0.923099 0.367633 0.153667 0.499098 0.763069
0 0.561507 0.206459 0.0747374 0.409378 0.703774
0 0.49546 0.395662 0.161825 0.782503 0.968576
2 0.44251 0.0374827 0.0713589 0.0749654 0.931629
0 0.923099 0.367633 0.153667 0.499098 0.763069
0 0.561507 0.206459 0.0747374 0.409378 0.703774
