0 0.779467 0.384671 0.147853 0.769342 0.961611
1 0.54176 0.292423 0.112697 0.584847 0.943258
1 0.376172 0.370862 0.181032 0.734776 0.908988
0 0.934365 0.492559 0.13127 0.985118 0.865027
3 0.715578 0.0358992 0.0309814 0.0650186 0.793484
1 0.278659 0.330952 0.129238 0.661904 0.753001
0 0.779467 0.384671 0.147853 0.769342 0.961611
1 0.54176 0.292423 0.112697 0.584847 0.943258
1 0.376172 0.370862 0.181032 0.734776 0.908988
0 0.934365 0.492559 0.13127 0.985118 0.865027
3 0.715578 0.0358992 0.0309814 0.0650186 0.793484
1 0.278659 0.330952 0.129238 0.661904 0.753001
