2 0.443066 0.593986 0.192396 0.324916 0.971499
1 0.581102 0.450123 0.241829 0.693544 0.935376
0 0.947722 0.0857587 0.101154 0.16799 0.90846
6 0.313092 0.920398 0.220462 0.159204 0.747136
0 0.555174 0.251423 0.223233 0.305301 0.656706
2 0.443066 0.593986 0.192396 0.324916 0.971499
1 0.581102 0.450123 0.241829 0.693544 0.935376
0 0.947722 0.0857587 0.101154 0.16799 0.90846
6 0.313092 0.920398 0.220462 0.159204 0.747136
0 0.555174 0.251423 0.223233 0.305301 0.656706
2 0.443066 0.593986 0.192396 0.324916 0.971499
1 0.581102 0.450123 0.241829 0.693544 0.935376
0 0.947722 0.0857587 0.101154 0.16799 0.90846
6 0.313092 0.920398 0.220462 0.159204 0.747136
0 0.555174 0.251423 0.223233 0.305301 0.656706
2 0.443066 0.593986 0.192396 0.324916 0.971499
1 0.581102 0.450123 0.241829 0.693544 0.935376
0 0.947722 0.0857587 0.101154 0.16799 0.90846
6 0.313092 0.920398 0.220462 0.159204 0.747136
0 0.555174 0.251423 0.223233 0.305301 0.656706
