0 0.521845 0.553927 0.107048 0.319212 0.942676
1 0.415362 0.289893 0.0398669 0.0558273 0.817994
2 0.287335 0.272637 0.0596958 0.0591895 0.817446
2 0.514388 0.282102 0.0555526 0.0704047 0.735952
0 0.114023 0.284391 0.062595 0.0359383 0.735787
5 0.0858367 0.0805544 0.0124292 0.0296032 0.504501
4 0.591431 0.0377572 0.0289812 0.0755144 0.399085
0 0.521845 0.553927 0.107048 0.319212 0.942676
1 0.415362 0.289893 0.0398669 0.0558273 0.817994
2 0.287335 0.272637 0.0596958 0.0591895 0.817446
2 0.514388 0.282102 0.0555526 0.0704047 0.735952
0 0.114023 0.284391 0.062595 0.0359383 0.735787
5 0.0858367 0.0805544 0.0124292 0.0296032 0.504501
4 0.591431 0.0377572 0.0289812 0.0755144 0.399085
0 0.521845 0.553927 0.107048 0.319212 0.942676
1 0.415362 0.289893 0.0398669 0.0558273 0.817994
2 0.287335 0.272637 0.0596958 0.0591895 0.817446
2 0.514388 0.282102 0.0555526 0.0704047 0.735952
0 0.114023 0.284391 0.062595 0.0359383 0.735787
5 0.0858367 0.0805544 0.0124292 0.0296032 0.504501
4 0.591431 0.0377572 0.0289812 0.0755144 0.399085
0 0.521845 0.553927 0.107048 0.319212 0.942676
1 0.415362 0.289893 0.0398669 0.0558273 0.817994
2 0.287335 0.272637 0.0596958 0.0591895 0.817446
2 0.514388 0.282102 0.0555526 0.0704047 0.735952
0 0.114023 0.284391 0.062595 0.0359383 0.735787
5 0.0858367 0.0805544 0.0124292 0.0296032 0.504501
4 0.591431 0.0377572 0.0289812 0.0755144 0.399085
