2 0.545257 0.427019 0.140514 0.306429 0.956349
0 0.32762 0.243026 0.161717 0.104651 0.902196
1 0.194311 0.12256 0.131334 0.0734622 0.872489
2 0.545257 0.427019 0.140514 0.306429 0.956349
0 0.32762 0.243026 0.161717 0.104651 0.902196
1 0.194311 0.12256 0.131334 0.0734622 0.872489
2 0.545257 0.427019 0.140514 0.306429 0.956349
0 0.32762 0.243026 0.161717 0.104651 0.902196
1 0.194311 0.12256 0.131334 0.0734622 0.872489
2 0.545257 0.427019 0.140514 0.306429 0.956349
0 0.32762 0.243026 0.161717 0.104651 0.902196
1 0.194311 0.12256 0.131334 0.0734622 0.872489
