1 0.568064 0.49481 0.307852 0.988311 0.954254
0 0.361373 0.184959 0.0994247 0.367051 0.94427
6 0.793857 0.178792 0.141542 0.156313 0.922069
1 0.164522 0.341762 0.329045 0.683524 0.896099
1 0.96359 0.03375 0.0728197 0.0675 0.798381
0 0.403129 0.158391 0.045521 0.312302 0.639471
0 0.70037 0.108142 0.0893506 0.216191 0.52472
1 0.566449 0.0593763 0.104527 0.0998105 0.266972
1 0.568064 0.49481 0.307852 0.988311 0.954254
0 0.361373 0.184959 0.0994247 0.367051 0.94427
6 0.793857 0.178792 0.141542 0.156313 0.922069
1 0.164522 0.341762 0.329045 0.683524 0.896099
1 0.96359 0.03375 0.0728197 0.0675 0.798381
0 0.403129 0.158391 0.045521 0.312302 0.639471
0 0.70037 0.108142 0.0893506 0.216191 0.52472
1 0.566449 0.0593763 0.104527 0.0998105 0.266972
