1 0.111595 0.397426 0.22153 0.790471 0.959722
1 0.635126 0.49848 0.590718 0.996961 0.930659
3 0.31888 0.245238 0.00966358 0.0219575 0.311923
0 0.355503 0.372642 0.0192633 0.393321 0.311236
1 0.111595 0.397426 0.22153 0.790471 0.959722
1 0.635126 0.49848 0.590718 0.996961 0.930659
3 0.31888 0.245238 0.00966358 0.0219575 0.311923
0 0.355503 0.372642 0.0192633 0.393321 0.311236
1 0.111595 0.397426 0.22153 0.790471 0.959722
1 0.635126 0.49848 0.590718 0.996961 0.930659
3 0.31888 0.245238 0.00966358 0.0219575 0.311923
0 0.355503 0.372642 0.0192633 0.393321 0.311236
1 0.111595 0.397426 0.22153 0.790471 0.959722
1 0.635126 0.49848 0.590718 0.996961 0.930659
3 0.31888 0.245238 0.00966358 0.0219575 0.311923
0 0.355503 0.372642 0.0192633 0.393321 0.311236
