0 0.694346 0.256756 0.0548258 0.141566 0.961571
2 0.619099 0.352864 0.160599 0.249107 0.945864
1 0.212938 0.414197 0.425875 0.29994 0.916298
0 0.197881 0.71984 0.39097 0.56032 0.870735
1 0.530456 0.0838675 0.0354267 0.0921488 0.748573
0 0.694346 0.256756 0.0548258 0.141566 0.961571
2 0.619099 0.352864 0.160599 0.249107 0.945864
1 0.212938 0.414197 0.425875 0.29994 0.916298
0 0.197881 0.71984 0.39097 0.56032 0.870735
1 0.530456 0.0838675 0.0354267 0.0921488 0.748573
0 0.694346 0.256756 0.0548258 0.141566 0.961571
2 0.619099 0.352864 0.160599 0.249107 0.945864
1 0.212938 0.414197 0.425875 0.29994 0.916298
0 0.197881 0.71984 0.39097 0.56032 0.870735
1 0.530456 0.0838675 0.0354267 0.0921488 0.748573
0 0.694346 0.256756 0.0548258 0.141566 0.961571
2 0.619099 0.352864 0.160599 0.249107 0.945864
1 0.212938 0.414197 0.425875 0.29994 0.916298
0 0.197881 0.71984 0.39097 0.56032 0.870735
1 0.530456 0.0838675 0.0354267 0.0921488 0.748573
