0 0.34701 0.17974 0.191059 0.35948 0.969417
0 0.510811 0.105896 0.0960068 0.210181 0.923928
0 0.458221 0.0964729 0.0247129 0.192946 0.314361
0 0.34701 0.17974 0.191059 0.35948 0.969417
0 0.510811 0.105896 0.0960068 0.210181 0.923928
0 0.458221 0.0964729 0.0247129 0.192946 0.314361
0 0.34701 0.17974 0.191059 0.35948 0.969417
0 0.510811 0.105896 0.0960068 0.210181 0.923928
0 0.458221 0.0964729 0.0247129 0.192946 0.314361
0 0.34701 0.17974 0.191059 0.35948 0.969417
0 0.510811 0.105896 0.0960068 0.210181 0.923928
0 0.458221 0.0964729 0.0247129 0.192946 0.314361
