0 0.681019 0.658453 0.396075 0.561636 0.97343
0 0.254481 0.0715768 0.117582 0.140138 0.845081
0 0.791993 0.0529472 0.097361 0.103113 0.641219
1 0.791565 0.0523942 0.0975895 0.104333 0.357714
0 0.681019 0.658453 0.396075 0.561636 0.97343
0 0.254481 0.0715768 0.117582 0.140138 0.845081
0 0.791993 0.0529472 0.097361 0.103113 0.641219
1 0.791565 0.0523942 0.0975895 0.104333 0.357714
0 0.681019 0.658453 0.396075 0.561636 0.97343
0 0.254481 0.0715768 0.117582 0.140138 0.845081
0 0.791993 0.0529472 0.097361 0.103113 0.641219
1 0.791565 0.0523942 0.0975895 0.104333 0.357714
0 0.681019 0.658453 0.396075 0.561636 0.97343
0 0.254481 0.0715768 0.117582 0.140138 0.845081
0 0.791993 0.0529472 0.097361 0.103113 0.641219
1 0.791565 0.0523942 0.0975895 0.104333 0.357714
