0 0.576887 0.240769 0.0787416 0.481538 0.951279
0 0.437714 0.274747 0.110385 0.549493 0.936886
0 0.8879 0.854128 0.224199 0.291743 0.857916
0 0.576887 0.240769 0.0787416 0.481538 0.951279
0 0.437714 0.274747 0.110385 0.549493 0.936886
0 0.8879 0.854128 0.224199 0.291743 0.857916
0 0.576887 0.240769 0.0787416 0.481538 0.951279
0 0.437714 0.274747 0.110385 0.549493 0.936886
0 0.8879 0.854128 0.224199 0.291743 0.857916
0 0.576887 0.240769 0.0787416 0.481538 0.951279
0 0.437714 0.274747 0.110385 0.549493 0.936886
0 0.8879 0.854128 0.224199 0.291743 0.857916
