0 0.75398 0.223178 0.0581261 0.315667 0.920505
1 0.525631 0.245415 0.110288 0.489234 0.914526
1 0.652203 0.230543 0.113777 0.461087 0.903108
1 0.45081 0.208149 0.0454998 0.416298 0.864301
2 0.978029 0.339536 0.0437378 0.0533792 0.81332
3 0.844093 0.159206 0.0128096 0.0243791 0.679074
2 0.703061 0.320436 0.0218103 0.0401638 0.510871
4 0.269418 0.0931673 0.0186832 0.0903963 0.361517
1 0.59978 0.201744 0.0291534 0.403488 0.335648
3 0.105163 0.256018 0.0126242 0.0305128 0.265929
0 0.75398 0.223178 0.0581261 0.315667 0.920505
1 0.525631 0.245415 0.110288 0.489234 0.914526
1 0.652203 0.230543 0.113777 0.461087 0.903108
1 0.45081 0.208149 0.0454998 0.416298 0.864301
2 0.978029 0.339536 0.0437378 0.0533792 0.81332
3 0.844093 0.159206 0.0128096 0.0243791 0.679074
2 0.703061 0.320436 0.0218103 0.0401638 0.510871
4 0.269418 0.0931673 0.0186832 0.0903963 0.361517
1 0.59978 0.201744 0.0291534 0.403488 0.335648
3 0.105163 0.256018 0.0126242 0.0305128 0.265929
