2 0.4943 0.567818 0.13348 0.360399 0.932353
0 0.817374 0.292653 0.243061 0.187891 0.918015
2 0.56421 0.143137 0.107078 0.189141 0.504938
1 0.912243 0.0465074 0.11378 0.0906665 0.455761
1 0.0628558 0.0815077 0.125289 0.111325 0.414763
2 0.4943 0.567818 0.13348 0.360399 0.932353
0 0.817374 0.292653 0.243061 0.187891 0.918015
2 0.56421 0.143137 0.107078 0.189141 0.504938
1 0.912243 0.0465074 0.11378 0.0906665 0.455761
1 0.0628558 0.0815077 0.125289 0.111325 0.414763
2 0.4943 0.567818 0.13348 0.360399 0.932353
0 0.817374 0.292653 0.243061 0.187891 0.918015
2 0.56421 0.143137 0.107078 0.189141 0.504938
1 0.912243 0.0465074 0.11378 0.0906665 0.455761
1 0.0628558 0.0815077 0.125289 0.111325 0.414763
2 0.4943 0.567818 0.13348 0.360399 0.932353
0 0.817374 0.292653 0.243061 0.187891 0.918015
2 0.56421 0.143137 0.107078 0.189141 0.504938
1 0.912243 0.0465074 0.11378 0.0906665 0.455761
1 0.0628558 0.0815077 0.125289 0.111325 0.414763
