1 0.199939 0.435034 0.325634 0.868903 0.966203
1 0.503986 0.389122 0.191954 0.777413 0.95003
0 0.818497 0.205049 0.124445 0.410099 0.935316
1 0.34425 0.253794 0.118805 0.507589 0.931648
0 0.889744 0.423515 0.115692 0.186211 0.926806
1 0.596685 0.276025 0.0548826 0.548723 0.887195
1 0.199939 0.435034 0.325634 0.868903 0.966203
1 0.503986 0.389122 0.191954 0.777413 0.95003
0 0.818497 0.205049 0.124445 0.410099 0.935316
1 0.34425 0.253794 0.118805 0.507589 0.931648
0 0.889744 0.423515 0.115692 0.186211 0.926806
1 0.596685 0.276025 0.0548826 0.548723 0.887195
1 0.199939 0.435034 0.325634 0.868903 0.966203
1 0.503986 0.389122 0.191954 0.777413 0.95003
0 0.818497 0.205049 0.124445 0.410099 0.935316
1 0.34425 0.253794 0.118805 0.507589 0.931648
0 0.889744 0.423515 0.115692 0.186211 0.926806
1 0.596685 0.276025 0.0548826 0.548723 0.887195
1 0.199939 0.435034 0.325634 0.868903 0.966203
1 0.503986 0.389122 0.191954 0.777413 0.95003
0 0.818497 0.205049 0.124445 0.410099 0.935316
1 0.34425 0.253794 0.118805 0.507589 0.931648
0 0.889744 0.423515 0.115692 0.186211 0.926806
1 0.596685 0.276025 0.0548826 0.548723 0.887195
