0 0.510895 0.459423 0.107756 0.228169 0.978056
1 0.797824 0.551839 0.404352 0.476597 0.951349
2 0.329683 0.336241 0.0516526 0.0970417 0.848538
0 0.510895 0.459423 0.107756 0.228169 0.978056
1 0.797824 0.551839 0.404352 0.476597 0.951349
2 0.329683 0.336241 0.0516526 0.0970417 0.848538
0 0.510895 0.459423 0.107756 0.228169 0.978056
1 0.797824 0.551839 0.404352 0.476597 0.951349
2 0.329683 0.336241 0.0516526 0.0970417 0.848538
0 0.510895 0.459423 0.107756 0.228169 0.978056
1 0.797824 0.551839 0.404352 0.476597 0.951349
2 0.329683 0.336241 0.0516526 0.0970417 0.848538
