1 0.424539 0.589206 0.212008 0.316775 0.966712
2 0.916334 0.249802 0.0725872 0.0572847 0.849271
4 0.868015 0.111421 0.0396976 0.0934544 0.744167
5 0.609387 0.144137 0.0155766 0.0375837 0.612869
0 0.423828 0.124558 0.0370721 0.0216726 0.559802
1 0.916732 0.327597 0.16228 0.0515683 0.552276
1 0.424539 0.589206 0.212008 0.316775 0.966712
2 0.916334 0.249802 0.0725872 0.0572847 0.849271
4 0.868015 0.111421 0.0396976 0.0934544 0.744167
5 0.609387 0.144137 0.0155766 0.0375837 0.612869
0 0.423828 0.124558 0.0370721 0.0216726 0.559802
1 0.916732 0.327597 0.16228 0.0515683 0.552276
1 0.424539 0.589206 0.212008 0.316775 0.966712
2 0.916334 0.249802 0.0725872 0.0572847 0.849271
4 0.868015 0.111421 0.0396976 0.0934544 0.744167
5 0.609387 0.144137 0.0155766 0.0375837 0.612869
0 0.423828 0.124558 0.0370721 0.0216726 0.559802
1 0.916732 0.327597 0.16228 0.0515683 0.552276
1 0.424539 0.589206 0.212008 0.316775 0.966712
2 0.916334 0.249802 0.0725872 0.0572847 0.849271
4 0.868015 0.111421 0.0396976 0.0934544 0.744167
5 0.609387 0.144137 0.0155766 0.0375837 0.612869
0 0.423828 0.124558 0.0370721 0.0216726 0.559802
1 0.916732 0.327597 0.16228 0.0515683 0.552276
