0 0.299995 0.625616 0.414188 0.224257 0.963375
2 0.0823502 0.247074 0.138585 0.195037 0.950776
2 0.964351 0.0964961 0.0712983 0.100156 0.859256
2 0.46672 0.0160015 0.0269014 0.0303642 0.63729
0 0.299995 0.625616 0.414188 0.224257 0.963375
2 0.0823502 0.247074 0.138585 0.195037 0.950776
2 0.964351 0.0964961 0.0712983 0.100156 0.859256
2 0.46672 0.0160015 0.0269014 0.0303642 0.63729
0 0.299995 0.625616 0.414188 0.224257 0.963375
2 0.0823502 0.247074 0.138585 0.195037 0.950776
2 0.964351 0.0964961 0.0712983 0.100156 0.859256
2 0.46672 0.0160015 0.0269014 0.0303642 0.63729
0 0.299995 0.625616 0.414188 0.224257 0.963375
2 0.0823502 0.247074 0.138585 0.195037 0.950776
2 0.964351 0.0964961 0.0712983 0.100156 0.859256
2 0.46672 0.0160015 0.0269014 0.0303642 0.63729
