1 0.356251 0.265382 0.126477 0.530765 0.96316
1 0.476429 0.174092 0.0869563 0.348184 0.92711
1 0.576969 0.269823 0.122585 0.5376 0.906582
0 0.425112 0.712449 0.146255 0.570971 0.897347
0 0.504684 0.551341 0.104576 0.606892 0.873312
1 0.407501 0.184304 0.0198661 0.368607 0.31394
1 0.356251 0.265382 0.126477 0.530765 0.96316
1 0.476429 0.174092 0.0869563 0.348184 0.92711
1 0.576969 0.269823 0.122585 0.5376 0.906582
0 0.425112 0.712449 0.146255 0.570971 0.897347
0 0.504684 0.551341 0.104576 0.606892 0.873312
1 0.407501 0.184304 0.0198661 0.368607 0.31394
