0 0.632385 0.320055 0.136765 0.636859 0.968668
0 0.484086 0.28371 0.0945883 0.56742 0.940429
0 0.172841 0.314423 0.0498296 0.0219343 0.788405
4 0.543693 0.119759 0.0337317 0.113337 0.581101
6 0.221289 0.341053 0.0331687 0.0246802 0.547815
1 0.0714865 0.296874 0.0575332 0.0225727 0.384237
5 0.192786 0.166085 0.0113152 0.0259693 0.287621
0 0.632385 0.320055 0.136765 0.636859 0.968668
0 0.484086 0.28371 0.0945883 0.56742 0.940429
0 0.172841 0.314423 0.0498296 0.0219343 0.788405
4 0.543693 0.119759 0.0337317 0.113337 0.581101
6 0.221289 0.341053 0.0331687 0.0246802 0.547815
1 0.0714865 0.296874 0.0575332 0.0225727 0.384237
5 0.192786 0.166085 0.0113152 0.0259693 0.287621
