0 0.536578 0.692286 0.136727 0.45611 0.953733
5 0.421631 0.0877247 0.0202419 0.0705039 0.808217
3 0.131131 0.020848 0.0323266 0.0414901 0.771809
0 0.536578 0.692286 0.136727 0.45611 0.953733
5 0.421631 0.0877247 0.0202419 0.0705039 0.808217
3 0.131131 0.020848 0.0323266 0.0414901 0.771809
0 0.536578 0.692286 0.136727 0.45611 0.953733
5 0.421631 0.0877247 0.0202419 0.0705039 0.808217
3 0.131131 0.020848 0.0323266 0.0414901 0.771809
0 0.536578 0.692286 0.136727 0.45611 0.953733
5 0.421631 0.0877247 0.0202419 0.0705039 0.808217
3 0.131131 0.020848 0.0323266 0.0414901 0.771809
