2 0.501461 0.355596 0.181918 0.280978 0.972109
0 0.528091 0.155547 0.067193 0.276302 0.92872
2 0.0411489 0.0423476 0.0822977 0.0846952 0.816103
2 0.501461 0.355596 0.181918 0.280978 0.972109
0 0.528091 0.155547 0.067193 0.276302 0.92872
2 0.0411489 0.0423476 0.0822977 0.0846952 0.816103
2 0.501461 0.355596 0.181918 0.280978 0.972109
0 0.528091 0.155547 0.067193 0.276302 0.92872
2 0.0411489 0.0423476 0.0822977 0.0846952 0.816103
2 0.501461 0.355596 0.181918 0.280978 0.972109
0 0.528091 0.155547 0.067193 0.276302 0.92872
2 0.0411489 0.0423476 0.0822977 0.0846952 0.816103
