2 0.108554 0.49842 0.217108 0.160485 0.937723
4 0.569518 0.20159 0.0469793 0.151812 0.900126
2 0.711443 0.493791 0.128789 0.110342 0.897653
5 0.113661 0.14769 0.0344421 0.0947086 0.89281
0 0.739399 0.761502 0.384916 0.476848 0.813227
0 0.98726 0.540768 0.0254797 0.0680269 0.709607
2 0.108554 0.49842 0.217108 0.160485 0.937723
4 0.569518 0.20159 0.0469793 0.151812 0.900126
2 0.711443 0.493791 0.128789 0.110342 0.897653
5 0.113661 0.14769 0.0344421 0.0947086 0.89281
0 0.739399 0.761502 0.384916 0.476848 0.813227
0 0.98726 0.540768 0.0254797 0.0680269 0.709607
