1 0.45421 0.114349 0.0447821 0.091793 0.954259
2 0.590082 0.227673 0.215362 0.21859 0.944847
6 0.720558 0.386934 0.359455 0.295106 0.929902
1 0.0647929 0.112576 0.0486901 0.162431 0.794382
0 0.0149414 0.1538 0.0298828 0.105482 0.653843
1 0.042894 0.114112 0.0385084 0.168061 0.600165
1 0.0269714 0.114074 0.0244023 0.174232 0.259201
1 0.45421 0.114349 0.0447821 0.091793 0.954259
2 0.590082 0.227673 0.215362 0.21859 0.944847
6 0.720558 0.386934 0.359455 0.295106 0.929902
1 0.0647929 0.112576 0.0486901 0.162431 0.794382
0 0.0149414 0.1538 0.0298828 0.105482 0.653843
1 0.042894 0.114112 0.0385084 0.168061 0.600165
1 0.0269714 0.114074 0.0244023 0.174232 0.259201
