0 0.445532 0.410766 0.169829 0.820039 0.940737
0 0.602698 0.397639 0.149459 0.787744 0.9344
2 0.253185 0.567979 0.106186 0.0638114 0.695184
0 0.17989 0.478371 0.0464532 0.0242826 0.487763
0 0.445532 0.410766 0.169829 0.820039 0.940737
0 0.602698 0.397639 0.149459 0.787744 0.9344
2 0.253185 0.567979 0.106186 0.0638114 0.695184
0 0.17989 0.478371 0.0464532 0.0242826 0.487763
0 0.445532 0.410766 0.169829 0.820039 0.940737
0 0.602698 0.397639 0.149459 0.787744 0.9344
2 0.253185 0.567979 0.106186 0.0638114 0.695184
0 0.17989 0.478371 0.0464532 0.0242826 0.487763
0 0.445532 0.410766 0.169829 0.820039 0.940737
0 0.602698 0.397639 0.149459 0.787744 0.9344
2 0.253185 0.567979 0.106186 0.0638114 0.695184
0 0.17989 0.478371 0.0464532 0.0242826 0.487763
