5 0.305123 0.300307 0.0216945 0.0638306 0.798001
4 0.30242 0.197469 0.0433393 0.13503 0.642509
0 0.823908 0.622085 0.352184 0.348838 0.641615
4 0.13417 0.0476447 0.0348645 0.0948963 0.387724
1 0.823824 0.621743 0.351279 0.344948 0.325322
5 0.305123 0.300307 0.0216945 0.0638306 0.798001
4 0.30242 0.197469 0.0433393 0.13503 0.642509
0 0.823908 0.622085 0.352184 0.348838 0.641615
4 0.13417 0.0476447 0.0348645 0.0948963 0.387724
1 0.823824 0.621743 0.351279 0.344948 0.325322
5 0.305123 0.300307 0.0216945 0.0638306 0.798001
4 0.30242 0.197469 0.0433393 0.13503 0.642509
0 0.823908 0.622085 0.352184 0.348838 0.641615
4 0.13417 0.0476447 0.0348645 0.0948963 0.387724
1 0.823824 0.621743 0.351279 0.344948 0.325322
5 0.305123 0.300307 0.0216945 0.0638306 0.798001
4 0.30242 0.197469 0.0433393 0.13503 0.642509
0 0.823908 0.622085 0.352184 0.348838 0.641615
4 0.13417 0.0476447 0.0348645 0.0948963 0.387724
1 0.823824 0.621743 0.351279 0.344948 0.325322
