2 0.435537 0.6291 0.235064 0.241604 0.942727
4 0.584237 0.470952 0.0208824 0.0629764 0.363217
6 0.81431 0.579799 0.169088 0.102169 0.285327
2 0.435537 0.6291 0.235064 0.241604 0.942727
4 0.584237 0.470952 0.0208824 0.0629764 0.363217
6 0.81431 0.579799 0.169088 0.102169 0.285327
2 0.435537 0.6291 0.235064 0.241604 0.942727
4 0.584237 0.470952 0.0208824 0.0629764 0.363217
6 0.81431 0.579799 0.169088 0.102169 0.285327
2 0.435537 0.6291 0.235064 0.241604 0.942727
4 0.584237 0.470952 0.0208824 0.0629764 0.363217
6 0.81431 0.579799 0.169088 0.102169 0.285327
