0 0.682443 0.283161 0.105073 0.566321 0.947548
0 0.533347 0.264433 0.0734665 0.527575 0.941652
5 0.370405 0.107443 0.0151783 0.0470317 0.825666
0 0.987129 0.382526 0.0257423 0.0314201 0.287206
0 0.46024 0.457564 0.0696268 0.0505971 0.266884
0 0.682443 0.283161 0.105073 0.566321 0.947548
0 0.533347 0.264433 0.0734665 0.527575 0.941652
5 0.370405 0.107443 0.0151783 0.0470317 0.825666
0 0.987129 0.382526 0.0257423 0.0314201 0.287206
0 0.46024 0.457564 0.0696268 0.0505971 0.266884
0 0.682443 0.283161 0.105073 0.566321 0.947548
0 0.533347 0.264433 0.0734665 0.527575 0.941652
5 0.370405 0.107443 0.0151783 0.0470317 0.825666
0 0.987129 0.382526 0.0257423 0.0314201 0.287206
0 0.46024 0.457564 0.0696268 0.0505971 0.266884
0 0.682443 0.283161 0.105073 0.566321 0.947548
0 0.533347 0.264433 0.0734665 0.527575 0.941652
5 0.370405 0.107443 0.0151783 0.0470317 0.825666
0 0.987129 0.382526 0.0257423 0.0314201 0.287206
0 0.46024 0.457564 0.0696268 0.0505971 0.266884
