2 0.536003 0.54653 0.153333 0.182602 0.964866
0 0.870006 0.64183 0.259988 0.225811 0.882443
4 0.0767619 0.306458 0.032791 0.077076 0.850289
5 0.65283 0.430181 0.0156545 0.0481782 0.82265
0 0.35657 0.506323 0.0387651 0.028575 0.747369
5 0.237398 0.316338 0.0135785 0.0263837 0.301033
2 0.536003 0.54653 0.153333 0.182602 0.964866
0 0.870006 0.64183 0.259988 0.225811 0.882443
4 0.0767619 0.306458 0.032791 0.077076 0.850289
5 0.65283 0.430181 0.0156545 0.0481782 0.82265
0 0.35657 0.506323 0.0387651 0.028575 0.747369
5 0.237398 0.316338 0.0135785 0.0263837 0.301033
