1 0.20165 0.329636 0.285782 0.659271 0.987395
1 0.391279 0.257273 0.159838 0.514546 0.950194
0 0.555832 0.120007 0.0461485 0.240014 0.878348
0 0.316853 0.156758 0.0743998 0.313515 0.823246
0 0.932116 0.0652528 0.106854 0.0531191 0.818609
1 0.473787 0.10375 0.0673697 0.0597587 0.671048
2 0.512007 0.122102 0.0506601 0.0552683 0.488785
1 0.957676 0.0411177 0.084519 0.0759236 0.487554
1 0.20165 0.329636 0.285782 0.659271 0.987395
1 0.391279 0.257273 0.159838 0.514546 0.950194
0 0.555832 0.120007 0.0461485 0.240014 0.878348
0 0.316853 0.156758 0.0743998 0.313515 0.823246
0 0.932116 0.0652528 0.106854 0.0531191 0.818609
1 0.473787 0.10375 0.0673697 0.0597587 0.671048
2 0.512007 0.122102 0.0506601 0.0552683 0.488785
1 0.957676 0.0411177 0.084519 0.0759236 0.487554
