1 0.620048 0.343751 0.513829 0.362714 0.95373
2 0.678019 0.0494402 0.081885 0.0896232 0.946293
0 0.413885 0.0942993 0.0441859 0.068018 0.817882
1 0.620048 0.343751 0.513829 0.362714 0.95373
2 0.678019 0.0494402 0.081885 0.0896232 0.946293
0 0.413885 0.0942993 0.0441859 0.068018 0.817882
1 0.620048 0.343751 0.513829 0.362714 0.95373
2 0.678019 0.0494402 0.081885 0.0896232 0.946293
0 0.413885 0.0942993 0.0441859 0.068018 0.817882
1 0.620048 0.343751 0.513829 0.362714 0.95373
2 0.678019 0.0494402 0.081885 0.0896232 0.946293
0 0.413885 0.0942993 0.0441859 0.068018 0.817882
