1 0.565925 0.585944 0.231992 0.399606 0.965276
1 0.821617 0.226573 0.34774 0.453146 0.951698
0 0.529835 0.111499 0.119851 0.219279 0.903092
1 0.529945 0.111848 0.117026 0.218959 0.875438
1 0.28787 0.418408 0.372481 0.372468 0.84646
1 0.565925 0.585944 0.231992 0.399606 0.965276
1 0.821617 0.226573 0.34774 0.453146 0.951698
0 0.529835 0.111499 0.119851 0.219279 0.903092
1 0.529945 0.111848 0.117026 0.218959 0.875438
1 0.28787 0.418408 0.372481 0.372468 0.84646
1 0.565925 0.585944 0.231992 0.399606 0.965276
1 0.821617 0.226573 0.34774 0.453146 0.951698
0 0.529835 0.111499 0.119851 0.219279 0.903092
1 0.529945 0.111848 0.117026 0.218959 0.875438
1 0.28787 0.418408 0.372481 0.372468 0.84646
1 0.565925 0.585944 0.231992 0.399606 0.965276
1 0.821617 0.226573 0.34774 0.453146 0.951698
0 0.529835 0.111499 0.119851 0.219279 0.903092
1 0.529945 0.111848 0.117026 0.218959 0.875438
1 0.28787 0.418408 0.372481 0.372468 0.84646
