1 0.712069 0.682003 0.575861 0.633322 0.888087
5 0.768603 0.0678456 0.0249622 0.065052 0.842677
1 0.85924 0.798912 0.281479 0.401635 0.388755
1 0.712069 0.682003 0.575861 0.633322 0.888087
5 0.768603 0.0678456 0.0249622 0.065052 0.842677
1 0.85924 0.798912 0.281479 0.401635 0.388755
1 0.712069 0.682003 0.575861 0.633322 0.888087
5 0.768603 0.0678456 0.0249622 0.065052 0.842677
1 0.85924 0.798912 0.281479 0.401635 0.388755
1 0.712069 0.682003 0.575861 0.633322 0.888087
5 0.768603 0.0678456 0.0249622 0.065052 0.842677
1 0.85924 0.798912 0.281479 0.401635 0.388755
