0 0.41533 0.842336 0.10737 0.315328 0.965663
0 0.668778 0.885169 0.149213 0.229663 0.945812
0 0.757417 0.023106 0.0569253 0.043969 0.848138
0 0.865508 0.0561737 0.0994202 0.111817 0.834421
1 0.909063 0.736663 0.180906 0.223705 0.766281
0 0.41533 0.842336 0.10737 0.315328 0.965663
0 0.668778 0.885169 0.149213 0.229663 0.945812
0 0.757417 0.023106 0.0569253 0.043969 0.848138
0 0.865508 0.0561737 0.0994202 0.111817 0.834421
1 0.909063 0.736663 0.180906 0.223705 0.766281
0 0.41533 0.842336 0.10737 0.315328 0.965663
0 0.668778 0.885169 0.149213 0.229663 0.945812
0 0.757417 0.023106 0.0569253 0.043969 0.848138
0 0.865508 0.0561737 0.0994202 0.111817 0.834421
1 0.909063 0.736663 0.180906 0.223705 0.766281
0 0.41533 0.842336 0.10737 0.315328 0.965663
0 0.668778 0.885169 0.149213 0.229663 0.945812
0 0.757417 0.023106 0.0569253 0.043969 0.848138
0 0.865508 0.0561737 0.0994202 0.111817 0.834421
1 0.909063 0.736663 0.180906 0.223705 0.766281
