0 0.258207 0.551739 0.1902 0.266449 0.781073
0 0.482313 0.462014 0.0737277 0.115674 0.701097
3 0.900677 0.2586 0.0272156 0.0530757 0.50949
0 0.258207 0.551739 0.1902 0.266449 0.781073
0 0.482313 0.462014 0.0737277 0.115674 0.701097
3 0.900677 0.2586 0.0272156 0.0530757 0.50949
0 0.258207 0.551739 0.1902 0.266449 0.781073
0 0.482313 0.462014 0.0737277 0.115674 0.701097
3 0.900677 0.2586 0.0272156 0.0530757 0.50949
0 0.258207 0.551739 0.1902 0.266449 0.781073
0 0.482313 0.462014 0.0737277 0.115674 0.701097
3 0.900677 0.2586 0.0272156 0.0530757 0.50949
