1 0.456624 0.552379 0.11589 0.478478 0.9579
2 0.464672 0.0565152 0.0534006 0.0654358 0.878831
0 0.497456 0.0542321 0.0511303 0.0547968 0.75491
0 0.86684 0.213883 0.0345161 0.0472432 0.744942
1 0.554734 0.0518753 0.0316648 0.0500316 0.497129
1 0.456624 0.552379 0.11589 0.478478 0.9579
2 0.464672 0.0565152 0.0534006 0.0654358 0.878831
0 0.497456 0.0542321 0.0511303 0.0547968 0.75491
0 0.86684 0.213883 0.0345161 0.0472432 0.744942
1 0.554734 0.0518753 0.0316648 0.0500316 0.497129
1 0.456624 0.552379 0.11589 0.478478 0.9579
2 0.464672 0.0565152 0.0534006 0.0654358 0.878831
0 0.497456 0.0542321 0.0511303 0.0547968 0.75491
0 0.86684 0.213883 0.0345161 0.0472432 0.744942
1 0.554734 0.0518753 0.0316648 0.0500316 0.497129
1 0.456624 0.552379 0.11589 0.478478 0.9579
2 0.464672 0.0565152 0.0534006 0.0654358 0.878831
0 0.497456 0.0542321 0.0511303 0.0547968 0.75491
0 0.86684 0.213883 0.0345161 0.0472432 0.744942
1 0.554734 0.0518753 0.0316648 0.0500316 0.497129
