2 0.52338 0.564385 0.183764 0.195513 0.972455
2 0.0270698 0.166252 0.0535321 0.0828595 0.835584
4 0.677259 0.049236 0.0455567 0.0976073 0.749741
6 0.784311 0.312963 0.0349168 0.0761449 0.586362
2 0.52338 0.564385 0.183764 0.195513 0.972455
2 0.0270698 0.166252 0.0535321 0.0828595 0.835584
4 0.677259 0.049236 0.0455567 0.0976073 0.749741
6 0.784311 0.312963 0.0349168 0.0761449 0.586362
2 0.52338 0.564385 0.183764 0.195513 0.972455
2 0.0270698 0.166252 0.0535321 0.0828595 0.835584
4 0.677259 0.049236 0.0455567 0.0976073 0.749741
6 0.784311 0.312963 0.0349168 0.0761449 0.586362
2 0.52338 0.564385 0.183764 0.195513 0.972455
2 0.0270698 0.166252 0.0535321 0.0828595 0.835584
4 0.677259 0.049236 0.0455567 0.0976073 0.749741
6 0.784311 0.312963 0.0349168 0.0761449 0.586362
