1 0.518901 0.691767 0.271146 0.611913 0.985837
0 0.0929548 0.274627 0.184687 0.212401 0.924817
2 0.354918 0.0233178 0.0555321 0.0434559 0.828346
0 0.0207823 0.661521 0.0409402 0.560123 0.379082
1 0.518901 0.691767 0.271146 0.611913 0.985837
0 0.0929548 0.274627 0.184687 0.212401 0.924817
2 0.354918 0.0233178 0.0555321 0.0434559 0.828346
0 0.0207823 0.661521 0.0409402 0.560123 0.379082
1 0.518901 0.691767 0.271146 0.611913 0.985837
0 0.0929548 0.274627 0.184687 0.212401 0.924817
2 0.354918 0.0233178 0.0555321 0.0434559 0.828346
0 0.0207823 0.661521 0.0409402 0.560123 0.379082
1 0.518901 0.691767 0.271146 0.611913 0.985837
0 0.0929548 0.274627 0.184687 0.212401 0.924817
2 0.354918 0.0233178 0.0555321 0.0434559 0.828346
0 0.0207823 0.661521 0.0409402 0.560123 0.379082
