0 0.544642 0.230678 0.124274 0.461357 0.948214
1 0.902309 0.213581 0.195233 0.426982 0.927854
0 0.938684 0.770426 0.122632 0.459149 0.6713
1 0.974483 0.162263 0.0507671 0.324527 0.557202
0 0.544642 0.230678 0.124274 0.461357 0.948214
1 0.902309 0.213581 0.195233 0.426982 0.927854
0 0.938684 0.770426 0.122632 0.459149 0.6713
1 0.974483 0.162263 0.0507671 0.324527 0.557202
0 0.544642 0.230678 0.124274 0.461357 0.948214
1 0.902309 0.213581 0.195233 0.426982 0.927854
0 0.938684 0.770426 0.122632 0.459149 0.6713
1 0.974483 0.162263 0.0507671 0.324527 0.557202
0 0.544642 0.230678 0.124274 0.461357 0.948214
1 0.902309 0.213581 0.195233 0.426982 0.927854
0 0.938684 0.770426 0.122632 0.459149 0.6713
1 0.974483 0.162263 0.0507671 0.324527 0.557202
