1 0.119804 0.201512 0.238913 0.398708 0.961308
1 0.438421 0.219079 0.276368 0.438158 0.959019
1 0.575957 0.0751712 0.0825849 0.149201 0.836281
0 0.91539 0.0610851 0.155733 0.120189 0.830624
1 0.119804 0.201512 0.238913 0.398708 0.961308
1 0.438421 0.219079 0.276368 0.438158 0.959019
1 0.575957 0.0751712 0.0825849 0.149201 0.836281
0 0.91539 0.0610851 0.155733 0.120189 0.830624
1 0.119804 0.201512 0.238913 0.398708 0.961308
1 0.438421 0.219079 0.276368 0.438158 0.959019
1 0.575957 0.0751712 0.0825849 0.149201 0.836281
0 0.91539 0.0610851 0.155733 0.120189 0.830624
