1 0.795512 0.502289 0.408976 0.995422 0.956915
1 0.547483 0.297461 0.214234 0.593097 0.953575
1 0.643529 0.195854 0.088658 0.391708 0.884508
1 0.795512 0.502289 0.408976 0.995422 0.956915
1 0.547483 0.297461 0.214234 0.593097 0.953575
1 0.643529 0.195854 0.088658 0.391708 0.884508
1 0.795512 0.502289 0.408976 0.995422 0.956915
1 0.547483 0.297461 0.214234 0.593097 0.953575
1 0.643529 0.195854 0.088658 0.391708 0.884508
1 0.795512 0.502289 0.408976 0.995422 0.956915
1 0.547483 0.297461 0.214234 0.593097 0.953575
1 0.643529 0.195854 0.088658 0.391708 0.884508
