2 0.450105 0.0634577 0.170378 0.125454 0.953467
2 0.450395 0.537997 0.41867 0.737582 0.948567
0 0.969071 0.255568 0.0614595 0.254437 0.365066
2 0.450105 0.0634577 0.170378 0.125454 0.953467
2 0.450395 0.537997 0.41867 0.737582 0.948567
0 0.969071 0.255568 0.0614595 0.254437 0.365066
2 0.450105 0.0634577 0.170378 0.125454 0.953467
2 0.450395 0.537997 0.41867 0.737582 0.948567
0 0.969071 0.255568 0.0614595 0.254437 0.365066
2 0.450105 0.0634577 0.170378 0.125454 0.953467
2 0.450395 0.537997 0.41867 0.737582 0.948567
0 0.969071 0.255568 0.0614595 0.254437 0.365066
