2 0.481535 0.443105 0.143293 0.385999 0.964387
1 0.0501379 0.1111 0.0958821 0.0560907 0.784552
6 0.183199 0.0947099 0.0745482 0.043014 0.579911
2 0.481535 0.443105 0.143293 0.385999 0.964387
1 0.0501379 0.1111 0.0958821 0.0560907 0.784552
6 0.183199 0.0947099 0.0745482 0.043014 0.579911
2 0.481535 0.443105 0.143293 0.385999 0.964387
1 0.0501379 0.1111 0.0958821 0.0560907 0.784552
6 0.183199 0.0947099 0.0745482 0.043014 0.579911
2 0.481535 0.443105 0.143293 0.385999 0.964387
1 0.0501379 0.1111 0.0958821 0.0560907 0.784552
6 0.183199 0.0947099 0.0745482 0.043014 0.579911
