0 0.389563 0.129257 0.100571 0.256255 0.961436
1 0.832044 0.493549 0.335119 0.304263 0.918422
1 0.480698 0.487628 0.165825 0.318355 0.917567
1 0.712128 0.219345 0.276675 0.438691 0.863498
0 0.389563 0.129257 0.100571 0.256255 0.961436
1 0.832044 0.493549 0.335119 0.304263 0.918422
1 0.480698 0.487628 0.165825 0.318355 0.917567
1 0.712128 0.219345 0.276675 0.438691 0.863498
0 0.389563 0.129257 0.100571 0.256255 0.961436
1 0.832044 0.493549 0.335119 0.304263 0.918422
1 0.480698 0.487628 0.165825 0.318355 0.917567
1 0.712128 0.219345 0.276675 0.438691 0.863498
0 0.389563 0.129257 0.100571 0.256255 0.961436
1 0.832044 0.493549 0.335119 0.304263 0.918422
1 0.480698 0.487628 0.165825 0.318355 0.917567
1 0.712128 0.219345 0.276675 0.438691 0.863498
