1 0.499145 0.293121 0.258732 0.583203 0.974231
1 0.837785 0.487282 0.323924 0.718705 0.957645
0 0.842092 0.105793 0.133269 0.205728 0.836985
1 0.736155 0.13931 0.111913 0.276869 0.456122
1 0.0289902 0.0987036 0.057745 0.174371 0.363242
1 0.63088 0.983044 0.104678 0.0339121 0.296947
0 0.762448 0.139614 0.163843 0.277387 0.295329
1 0.499145 0.293121 0.258732 0.583203 0.974231
1 0.837785 0.487282 0.323924 0.718705 0.957645
0 0.842092 0.105793 0.133269 0.205728 0.836985
1 0.736155 0.13931 0.111913 0.276869 0.456122
1 0.0289902 0.0987036 0.057745 0.174371 0.363242
1 0.63088 0.983044 0.104678 0.0339121 0.296947
0 0.762448 0.139614 0.163843 0.277387 0.295329
1 0.499145 0.293121 0.258732 0.583203 0.974231
1 0.837785 0.487282 0.323924 0.718705 0.957645
0 0.842092 0.105793 0.133269 0.205728 0.836985
1 0.736155 0.13931 0.111913 0.276869 0.456122
1 0.0289902 0.0987036 0.057745 0.174371 0.363242
1 0.63088 0.983044 0.104678 0.0339121 0.296947
0 0.762448 0.139614 0.163843 0.277387 0.295329
1 0.499145 0.293121 0.258732 0.583203 0.974231
1 0.837785 0.487282 0.323924 0.718705 0.957645
0 0.842092 0.105793 0.133269 0.205728 0.836985
1 0.736155 0.13931 0.111913 0.276869 0.456122
1 0.0289902 0.0987036 0.057745 0.174371 0.363242
1 0.63088 0.983044 0.104678 0.0339121 0.296947
0 0.762448 0.139614 0.163843 0.277387 0.295329
