2 0.0992788 0.136201 0.0957635 0.112215 0.93003
0 0.685 0.424756 0.29518 0.1756 0.919443
1 0.500685 0.173085 0.0982196 0.116136 0.900502
0 0.69966 0.0461059 0.0264416 0.0922119 0.896154
0 0.618085 0.0415534 0.019676 0.0831069 0.877813
1 0.656104 0.0390651 0.0276239 0.0781301 0.831086
2 0.353861 0.0488555 0.0329534 0.0364442 0.830515
0 0.78852 0.086863 0.0545003 0.0615878 0.791135
6 0.0984162 0.0260774 0.0264738 0.0194057 0.283642
2 0.0992788 0.136201 0.0957635 0.112215 0.93003
0 0.685 0.424756 0.29518 0.1756 0.919443
1 0.500685 0.173085 0.0982196 0.116136 0.900502
0 0.69966 0.0461059 0.0264416 0.0922119 0.896154
0 0.618085 0.0415534 0.019676 0.0831069 0.877813
1 0.656104 0.0390651 0.0276239 0.0781301 0.831086
2 0.353861 0.0488555 0.0329534 0.0364442 0.830515
0 0.78852 0.086863 0.0545003 0.0615878 0.791135
6 0.0984162 0.0260774 0.0264738 0.0194057 0.283642
