1 0.556169 0.575572 0.249275 0.518827 0.977124
0 0.0268565 0.277947 0.0521198 0.0728905 0.86076
1 0.433982 0.174899 0.0787109 0.0515256 0.835154
2 0.395103 0.155157 0.0419483 0.0421798 0.663632
2 0.232675 0.0608329 0.0234545 0.0243349 0.637715
2 0.0179776 0.114409 0.032526 0.0539477 0.444405
0 0.00905902 0.159937 0.018118 0.0388567 0.308505
1 0.556169 0.575572 0.249275 0.518827 0.977124
0 0.0268565 0.277947 0.0521198 0.0728905 0.86076
1 0.433982 0.174899 0.0787109 0.0515256 0.835154
2 0.395103 0.155157 0.0419483 0.0421798 0.663632
2 0.232675 0.0608329 0.0234545 0.0243349 0.637715
2 0.0179776 0.114409 0.032526 0.0539477 0.444405
0 0.00905902 0.159937 0.018118 0.0388567 0.308505
1 0.556169 0.575572 0.249275 0.518827 0.977124
0 0.0268565 0.277947 0.0521198 0.0728905 0.86076
1 0.433982 0.174899 0.0787109 0.0515256 0.835154
2 0.395103 0.155157 0.0419483 0.0421798 0.663632
2 0.232675 0.0608329 0.0234545 0.0243349 0.637715
2 0.0179776 0.114409 0.032526 0.0539477 0.444405
0 0.00905902 0.159937 0.018118 0.0388567 0.308505
1 0.556169 0.575572 0.249275 0.518827 0.977124
0 0.0268565 0.277947 0.0521198 0.0728905 0.86076
1 0.433982 0.174899 0.0787109 0.0515256 0.835154
2 0.395103 0.155157 0.0419483 0.0421798 0.663632
2 0.232675 0.0608329 0.0234545 0.0243349 0.637715
2 0.0179776 0.114409 0.032526 0.0539477 0.444405
0 0.00905902 0.159937 0.018118 0.0388567 0.308505
