0 0.296096 0.495613 0.227626 0.990329 0.944098
1 0.554945 0.317105 0.124281 0.629617 0.93939
1 0.472718 0.261873 0.0506042 0.519468 0.919328
0 0.0706184 0.505209 0.141237 0.988402 0.880048
4 0.426267 0.26154 0.0192607 0.100534 0.61841
0 0.296096 0.495613 0.227626 0.990329 0.944098
1 0.554945 0.317105 0.124281 0.629617 0.93939
1 0.472718 0.261873 0.0506042 0.519468 0.919328
0 0.0706184 0.505209 0.141237 0.988402 0.880048
4 0.426267 0.26154 0.0192607 0.100534 0.61841
0 0.296096 0.495613 0.227626 0.990329 0.944098
1 0.554945 0.317105 0.124281 0.629617 0.93939
1 0.472718 0.261873 0.0506042 0.519468 0.919328
0 0.0706184 0.505209 0.141237 0.988402 0.880048
4 0.426267 0.26154 0.0192607 0.100534 0.61841
0 0.296096 0.495613 0.227626 0.990329 0.944098
1 0.554945 0.317105 0.124281 0.629617 0.93939
1 0.472718 0.261873 0.0506042 0.519468 0.919328
0 0.0706184 0.505209 0.141237 0.988402 0.880048
4 0.426267 0.26154 0.0192607 0.100534 0.61841
