1 0.253322 0.575005 0.506644 0.301279 0.946545
4 0.696818 0.337317 0.0264169 0.0811959 0.788078
6 0.951898 0.447753 0.0935684 0.0425696 0.699166
0 0.510968 0.446805 0.0269462 0.0420053 0.536959
1 0.555391 0.435979 0.0191473 0.0260188 0.344867
5 0.164757 0.264811 0.0122797 0.032658 0.309102
4 0.0135153 0.280447 0.0270234 0.108043 0.296848
3 0.154169 0.266172 0.00875792 0.0262774 0.273338
1 0.253322 0.575005 0.506644 0.301279 0.946545
4 0.696818 0.337317 0.0264169 0.0811959 0.788078
6 0.951898 0.447753 0.0935684 0.0425696 0.699166
0 0.510968 0.446805 0.0269462 0.0420053 0.536959
1 0.555391 0.435979 0.0191473 0.0260188 0.344867
5 0.164757 0.264811 0.0122797 0.032658 0.309102
4 0.0135153 0.280447 0.0270234 0.108043 0.296848
3 0.154169 0.266172 0.00875792 0.0262774 0.273338
1 0.253322 0.575005 0.506644 0.301279 0.946545
4 0.696818 0.337317 0.0264169 0.0811959 0.788078
6 0.951898 0.447753 0.0935684 0.0425696 0.699166
0 0.510968 0.446805 0.0269462 0.0420053 0.536959
1 0.555391 0.435979 0.0191473 0.0260188 0.344867
5 0.164757 0.264811 0.0122797 0.032658 0.309102
4 0.0135153 0.280447 0.0270234 0.108043 0.296848
3 0.154169 0.266172 0.00875792 0.0262774 0.273338
1 0.253322 0.575005 0.506644 0.301279 0.946545
4 0.696818 0.337317 0.0264169 0.0811959 0.788078
6 0.951898 0.447753 0.0935684 0.0425696 0.699166
0 0.510968 0.446805 0.0269462 0.0420053 0.536959
1 0.555391 0.435979 0.0191473 0.0260188 0.344867
5 0.164757 0.264811 0.0122797 0.032658 0.309102
4 0.0135153 0.280447 0.0270234 0.108043 0.296848
3 0.154169 0.266172 0.00875792 0.0262774 0.273338
