6 0.343563 0.745955 0.302983 0.202843 0.933286
2 0.339135 0.518744 0.0783628 0.0732922 0.923805
1 0.187458 0.520998 0.0365564 0.0436686 0.89855
4 0.778129 0.374369 0.0300867 0.0902935 0.65249
3 0.336167 0.324077 0.0110957 0.0271589 0.452362
6 0.140981 0.533922 0.0141366 0.0221718 0.263532
6 0.343563 0.745955 0.302983 0.202843 0.933286
2 0.339135 0.518744 0.0783628 0.0732922 0.923805
1 0.187458 0.520998 0.0365564 0.0436686 0.89855
4 0.778129 0.374369 0.0300867 0.0902935 0.65249
3 0.336167 0.324077 0.0110957 0.0271589 0.452362
6 0.140981 0.533922 0.0141366 0.0221718 0.263532
