1 0.511624 0.2598 0.24269 0.511528 0.970833
1 0.870797 0.249242 0.258405 0.491087 0.954511
1 0.914165 0.720394 0.17159 0.489625 0.874464
1 0.511624 0.2598 0.24269 0.511528 0.970833
1 0.870797 0.249242 0.258405 0.491087 0.954511
1 0.914165 0.720394 0.17159 0.489625 0.874464
1 0.511624 0.2598 0.24269 0.511528 0.970833
1 0.870797 0.249242 0.258405 0.491087 0.954511
1 0.914165 0.720394 0.17159 0.489625 0.874464
1 0.511624 0.2598 0.24269 0.511528 0.970833
1 0.870797 0.249242 0.258405 0.491087 0.954511
1 0.914165 0.720394 0.17159 0.489625 0.874464
