1 0.341578 0.166306 0.196109 0.332612 0.9752
1 0.602883 0.156306 0.162544 0.312612 0.961074
0 0.86011 0.127113 0.100074 0.252252 0.940347
5 0.0444047 0.0303484 0.0278455 0.0567413 0.896794
3 0.053554 0.0912189 0.0202373 0.0379949 0.866097
1 0.442159 0.148132 0.0204817 0.291344 0.571987
6 0.786875 0.230864 0.0446442 0.0349497 0.370399
2 0.209224 0.231337 0.0981859 0.085669 0.363566
1 0.341578 0.166306 0.196109 0.332612 0.9752
1 0.602883 0.156306 0.162544 0.312612 0.961074
0 0.86011 0.127113 0.100074 0.252252 0.940347
5 0.0444047 0.0303484 0.0278455 0.0567413 0.896794
3 0.053554 0.0912189 0.0202373 0.0379949 0.866097
1 0.442159 0.148132 0.0204817 0.291344 0.571987
6 0.786875 0.230864 0.0446442 0.0349497 0.370399
2 0.209224 0.231337 0.0981859 0.085669 0.363566
1 0.341578 0.166306 0.196109 0.332612 0.9752
1 0.602883 0.156306 0.162544 0.312612 0.961074
0 0.86011 0.127113 0.100074 0.252252 0.940347
5 0.0444047 0.0303484 0.0278455 0.0567413 0.896794
3 0.053554 0.0912189 0.0202373 0.0379949 0.866097
1 0.442159 0.148132 0.0204817 0.291344 0.571987
6 0.786875 0.230864 0.0446442 0.0349497 0.370399
2 0.209224 0.231337 0.0981859 0.085669 0.363566
1 0.341578 0.166306 0.196109 0.332612 0.9752
1 0.602883 0.156306 0.162544 0.312612 0.961074
0 0.86011 0.127113 0.100074 0.252252 0.940347
5 0.0444047 0.0303484 0.0278455 0.0567413 0.896794
3 0.053554 0.0912189 0.0202373 0.0379949 0.866097
1 0.442159 0.148132 0.0204817 0.291344 0.571987
6 0.786875 0.230864 0.0446442 0.0349497 0.370399
2 0.209224 0.231337 0.0981859 0.085669 0.363566
