0 0.417535 0.464406 0.0838322 0.219936 0.955085
6 0.548614 0.260811 0.0815401 0.0642237 0.795296
1 0.07061 0.340766 0.0470167 0.0381148 0.709937
1 0.17236 0.333213 0.0249284 0.0294604 0.613373
6 0.0729441 0.391124 0.0247287 0.0314298 0.498465
5 0.0143606 0.166147 0.0130663 0.0275624 0.472834
4 0.204405 0.225329 0.0176145 0.0374541 0.392226
1 0.0261678 0.324421 0.0366854 0.0201492 0.281001
0 0.417535 0.464406 0.0838322 0.219936 0.955085
6 0.548614 0.260811 0.0815401 0.0642237 0.795296
1 0.07061 0.340766 0.0470167 0.0381148 0.709937
1 0.17236 0.333213 0.0249284 0.0294604 0.613373
6 0.0729441 0.391124 0.0247287 0.0314298 0.498465
5 0.0143606 0.166147 0.0130663 0.0275624 0.472834
4 0.204405 0.225329 0.0176145 0.0374541 0.392226
1 0.0261678 0.324421 0.0366854 0.0201492 0.281001
0 0.417535 0.464406 0.0838322 0.219936 0.955085
6 0.548614 0.260811 0.0815401 0.0642237 0.795296
1 0.07061 0.340766 0.0470167 0.0381148 0.709937
1 0.17236 0.333213 0.0249284 0.0294604 0.613373
6 0.0729441 0.391124 0.0247287 0.0314298 0.498465
5 0.0143606 0.166147 0.0130663 0.0275624 0.472834
4 0.204405 0.225329 0.0176145 0.0374541 0.392226
1 0.0261678 0.324421 0.0366854 0.0201492 0.281001
0 0.417535 0.464406 0.0838322 0.219936 0.955085
6 0.548614 0.260811 0.0815401 0.0642237 0.795296
1 0.07061 0.340766 0.0470167 0.0381148 0.709937
1 0.17236 0.333213 0.0249284 0.0294604 0.613373
6 0.0729441 0.391124 0.0247287 0.0314298 0.498465
5 0.0143606 0.166147 0.0130663 0.0275624 0.472834
4 0.204405 0.225329 0.0176145 0.0374541 0.392226
1 0.0261678 0.324421 0.0366854 0.0201492 0.281001
