2 0.423399 0.498013 0.351988 0.366087 0.986376
5 0.433934 0.258371 0.0140253 0.035713 0.848014
2 0.556034 0.30729 0.0466701 0.0540758 0.825466
0 0.23428 0.369233 0.0318502 0.038679 0.685148
1 0.0233895 0.246222 0.0467789 0.0350627 0.63344
4 0.628776 0.212328 0.0260752 0.077925 0.562421
0 0.512773 0.312089 0.0348661 0.0211008 0.427109
0 0.987834 0.31845 0.024332 0.0757854 0.414213
2 0.423399 0.498013 0.351988 0.366087 0.986376
5 0.433934 0.258371 0.0140253 0.035713 0.848014
2 0.556034 0.30729 0.0466701 0.0540758 0.825466
0 0.23428 0.369233 0.0318502 0.038679 0.685148
1 0.0233895 0.246222 0.0467789 0.0350627 0.63344
4 0.628776 0.212328 0.0260752 0.077925 0.562421
0 0.512773 0.312089 0.0348661 0.0211008 0.427109
0 0.987834 0.31845 0.024332 0.0757854 0.414213
2 0.423399 0.498013 0.351988 0.366087 0.986376
5 0.433934 0.258371 0.0140253 0.035713 0.848014
2 0.556034 0.30729 0.0466701 0.0540758 0.825466
0 0.23428 0.369233 0.0318502 0.038679 0.685148
1 0.0233895 0.246222 0.0467789 0.0350627 0.63344
4 0.628776 0.212328 0.0260752 0.077925 0.562421
0 0.512773 0.312089 0.0348661 0.0211008 0.427109
0 0.987834 0.31845 0.024332 0.0757854 0.414213
2 0.423399 0.498013 0.351988 0.366087 0.986376
5 0.433934 0.258371 0.0140253 0.035713 0.848014
2 0.556034 0.30729 0.0466701 0.0540758 0.825466
0 0.23428 0.369233 0.0318502 0.038679 0.685148
1 0.0233895 0.246222 0.0467789 0.0350627 0.63344
4 0.628776 0.212328 0.0260752 0.077925 0.562421
0 0.512773 0.312089 0.0348661 0.0211008 0.427109
0 0.987834 0.31845 0.024332 0.0757854 0.414213
