1 0.147053 0.479988 0.126556 0.377833 0.960604
0 0.876174 0.278563 0.226832 0.541677 0.957561
1 0.564753 0.162853 0.0911749 0.325705 0.953643
1 0.666628 0.10717 0.0881199 0.211046 0.948886
0 0.514938 0.547706 0.106989 0.484852 0.945098
1 0.483346 0.113588 0.0768727 0.222472 0.932688
0 0.805327 0.210782 0.159014 0.419781 0.913966
1 0.147053 0.479988 0.126556 0.377833 0.960604
0 0.876174 0.278563 0.226832 0.541677 0.957561
1 0.564753 0.162853 0.0911749 0.325705 0.953643
1 0.666628 0.10717 0.0881199 0.211046 0.948886
0 0.514938 0.547706 0.106989 0.484852 0.945098
1 0.483346 0.113588 0.0768727 0.222472 0.932688
0 0.805327 0.210782 0.159014 0.419781 0.913966
