0 0.517049 0.275566 0.156262 0.549664 0.946552
0 0.950963 0.214847 0.0980736 0.429695 0.861552
1 0.951286 0.774254 0.0971825 0.451491 0.569043
0 0.517049 0.275566 0.156262 0.549664 0.946552
0 0.950963 0.214847 0.0980736 0.429695 0.861552
1 0.951286 0.774254 0.0971825 0.451491 0.569043
0 0.517049 0.275566 0.156262 0.549664 0.946552
0 0.950963 0.214847 0.0980736 0.429695 0.861552
1 0.951286 0.774254 0.0971825 0.451491 0.569043
0 0.517049 0.275566 0.156262 0.549664 0.946552
0 0.950963 0.214847 0.0980736 0.429695 0.861552
1 0.951286 0.774254 0.0971825 0.451491 0.569043
