6 0.35277 0.772255 0.188812 0.176014 0.732686
0 0.538947 0.682905 0.0663658 0.0350342 0.639655
0 0.557894 0.674001 0.0255259 0.0214858 0.337609
6 0.35277 0.772255 0.188812 0.176014 0.732686
0 0.538947 0.682905 0.0663658 0.0350342 0.639655
0 0.557894 0.674001 0.0255259 0.0214858 0.337609
6 0.35277 0.772255 0.188812 0.176014 0.732686
0 0.538947 0.682905 0.0663658 0.0350342 0.639655
0 0.557894 0.674001 0.0255259 0.0214858 0.337609
6 0.35277 0.772255 0.188812 0.176014 0.732686
0 0.538947 0.682905 0.0663658 0.0350342 0.639655
0 0.557894 0.674001 0.0255259 0.0214858 0.337609
