0 0.294812 0.222732 0.135886 0.443157 0.964194
0 0.472543 0.214494 0.0932939 0.428988 0.937532
0 0.852599 0.278311 0.16349 0.271307 0.900683
1 0.194458 0.0318233 0.104047 0.0612488 0.435093
0 0.294812 0.222732 0.135886 0.443157 0.964194
0 0.472543 0.214494 0.0932939 0.428988 0.937532
0 0.852599 0.278311 0.16349 0.271307 0.900683
1 0.194458 0.0318233 0.104047 0.0612488 0.435093
0 0.294812 0.222732 0.135886 0.443157 0.964194
0 0.472543 0.214494 0.0932939 0.428988 0.937532
0 0.852599 0.278311 0.16349 0.271307 0.900683
1 0.194458 0.0318233 0.104047 0.0612488 0.435093
0 0.294812 0.222732 0.135886 0.443157 0.964194
0 0.472543 0.214494 0.0932939 0.428988 0.937532
0 0.852599 0.278311 0.16349 0.271307 0.900683
1 0.194458 0.0318233 0.104047 0.0612488 0.435093
