6 0.45383 0.737329 0.24619 0.525341 0.980624
6 0.861764 0.338461 0.196905 0.165951 0.912479
0 0.793068 0.142146 0.0442112 0.0389607 0.834524
0 0.581254 0.0631247 0.0683851 0.0426659 0.743129
1 0.559761 0.0172106 0.0275973 0.029273 0.274298
6 0.45383 0.737329 0.24619 0.525341 0.980624
6 0.861764 0.338461 0.196905 0.165951 0.912479
0 0.793068 0.142146 0.0442112 0.0389607 0.834524
0 0.581254 0.0631247 0.0683851 0.0426659 0.743129
1 0.559761 0.0172106 0.0275973 0.029273 0.274298
6 0.45383 0.737329 0.24619 0.525341 0.980624
6 0.861764 0.338461 0.196905 0.165951 0.912479
0 0.793068 0.142146 0.0442112 0.0389607 0.834524
0 0.581254 0.0631247 0.0683851 0.0426659 0.743129
1 0.559761 0.0172106 0.0275973 0.029273 0.274298
6 0.45383 0.737329 0.24619 0.525341 0.980624
6 0.861764 0.338461 0.196905 0.165951 0.912479
0 0.793068 0.142146 0.0442112 0.0389607 0.834524
0 0.581254 0.0631247 0.0683851 0.0426659 0.743129
1 0.559761 0.0172106 0.0275973 0.029273 0.274298
