0 0.534174 0.253941 0.186313 0.175158 0.953518
2 0.592864 0.0866689 0.105585 0.151311 0.946941
1 0.442843 0.0499341 0.0810837 0.0975998 0.84795
1 0.118962 0.0896397 0.0667721 0.179279 0.826092
0 0.0727759 0.134928 0.0674949 0.209601 0.767744
1 0.189489 0.149957 0.0555834 0.0646236 0.754141
1 0.0302712 0.111397 0.0557787 0.222793 0.661146
1 0.0826493 0.0949735 0.0421558 0.184387 0.428554
0 0.534174 0.253941 0.186313 0.175158 0.953518
2 0.592864 0.0866689 0.105585 0.151311 0.946941
1 0.442843 0.0499341 0.0810837 0.0975998 0.84795
1 0.118962 0.0896397 0.0667721 0.179279 0.826092
0 0.0727759 0.134928 0.0674949 0.209601 0.767744
1 0.189489 0.149957 0.0555834 0.0646236 0.754141
1 0.0302712 0.111397 0.0557787 0.222793 0.661146
1 0.0826493 0.0949735 0.0421558 0.184387 0.428554
0 0.534174 0.253941 0.186313 0.175158 0.953518
2 0.592864 0.0866689 0.105585 0.151311 0.946941
1 0.442843 0.0499341 0.0810837 0.0975998 0.84795
1 0.118962 0.0896397 0.0667721 0.179279 0.826092
0 0.0727759 0.134928 0.0674949 0.209601 0.767744
1 0.189489 0.149957 0.0555834 0.0646236 0.754141
1 0.0302712 0.111397 0.0557787 0.222793 0.661146
1 0.0826493 0.0949735 0.0421558 0.184387 0.428554
0 0.534174 0.253941 0.186313 0.175158 0.953518
2 0.592864 0.0866689 0.105585 0.151311 0.946941
1 0.442843 0.0499341 0.0810837 0.0975998 0.84795
1 0.118962 0.0896397 0.0667721 0.179279 0.826092
0 0.0727759 0.134928 0.0674949 0.209601 0.767744
1 0.189489 0.149957 0.0555834 0.0646236 0.754141
1 0.0302712 0.111397 0.0557787 0.222793 0.661146
1 0.0826493 0.0949735 0.0421558 0.184387 0.428554
