2 0.69694 0.249284 0.262848 0.241219 0.949961
3 0.272099 0.0840434 0.0111752 0.0210056 0.883486
5 0.253748 0.0458041 0.0168031 0.0433503 0.878882
3 0.794691 0.120642 0.0129034 0.0290942 0.525173
6 0.518836 0.311339 0.0348177 0.0544638 0.451091
2 0.69694 0.249284 0.262848 0.241219 0.949961
3 0.272099 0.0840434 0.0111752 0.0210056 0.883486
5 0.253748 0.0458041 0.0168031 0.0433503 0.878882
3 0.794691 0.120642 0.0129034 0.0290942 0.525173
6 0.518836 0.311339 0.0348177 0.0544638 0.451091
2 0.69694 0.249284 0.262848 0.241219 0.949961
3 0.272099 0.0840434 0.0111752 0.0210056 0.883486
5 0.253748 0.0458041 0.0168031 0.0433503 0.878882
3 0.794691 0.120642 0.0129034 0.0290942 0.525173
6 0.518836 0.311339 0.0348177 0.0544638 0.451091
2 0.69694 0.249284 0.262848 0.241219 0.949961
3 0.272099 0.0840434 0.0111752 0.0210056 0.883486
5 0.253748 0.0458041 0.0168031 0.0433503 0.878882
3 0.794691 0.120642 0.0129034 0.0290942 0.525173
6 0.518836 0.311339 0.0348177 0.0544638 0.451091
