2 0.548017 0.507359 0.109409 0.356068 0.915057
6 0.536158 0.830599 0.120012 0.338803 0.901491
0 0.781737 0.352129 0.109619 0.076674 0.875438
2 0.272928 0.237092 0.0390067 0.044688 0.814163
1 0.663935 0.28638 0.0205463 0.0453139 0.312111
2 0.548017 0.507359 0.109409 0.356068 0.915057
6 0.536158 0.830599 0.120012 0.338803 0.901491
0 0.781737 0.352129 0.109619 0.076674 0.875438
2 0.272928 0.237092 0.0390067 0.044688 0.814163
1 0.663935 0.28638 0.0205463 0.0453139 0.312111
2 0.548017 0.507359 0.109409 0.356068 0.915057
6 0.536158 0.830599 0.120012 0.338803 0.901491
0 0.781737 0.352129 0.109619 0.076674 0.875438
2 0.272928 0.237092 0.0390067 0.044688 0.814163
1 0.663935 0.28638 0.0205463 0.0453139 0.312111
2 0.548017 0.507359 0.109409 0.356068 0.915057
6 0.536158 0.830599 0.120012 0.338803 0.901491
0 0.781737 0.352129 0.109619 0.076674 0.875438
2 0.272928 0.237092 0.0390067 0.044688 0.814163
1 0.663935 0.28638 0.0205463 0.0453139 0.312111
