0 0.588935 0.819809 0.0876575 0.360381 0.942602
0 0.30149 0.0890467 0.0396682 0.164377 0.897194
6 0.0553022 0.249873 0.109625 0.10144 0.835266
0 0.588935 0.819809 0.0876575 0.360381 0.942602
0 0.30149 0.0890467 0.0396682 0.164377 0.897194
6 0.0553022 0.249873 0.109625 0.10144 0.835266
0 0.588935 0.819809 0.0876575 0.360381 0.942602
0 0.30149 0.0890467 0.0396682 0.164377 0.897194
6 0.0553022 0.249873 0.109625 0.10144 0.835266
0 0.588935 0.819809 0.0876575 0.360381 0.942602
0 0.30149 0.0890467 0.0396682 0.164377 0.897194
6 0.0553022 0.249873 0.109625 0.10144 0.835266
