0 0.514891 0.237533 0.117915 0.475066 0.953134
1 0.27717 0.31788 0.132908 0.0802508 0.914863
4 0.9102 0.175252 0.0461082 0.0988075 0.790485
2 0.224096 0.130846 0.0575669 0.04519 0.688481
0 0.883505 0.321392 0.0316154 0.049699 0.596677
0 0.514891 0.237533 0.117915 0.475066 0.953134
1 0.27717 0.31788 0.132908 0.0802508 0.914863
4 0.9102 0.175252 0.0461082 0.0988075 0.790485
2 0.224096 0.130846 0.0575669 0.04519 0.688481
0 0.883505 0.321392 0.0316154 0.049699 0.596677
0 0.514891 0.237533 0.117915 0.475066 0.953134
1 0.27717 0.31788 0.132908 0.0802508 0.914863
4 0.9102 0.175252 0.0461082 0.0988075 0.790485
2 0.224096 0.130846 0.0575669 0.04519 0.688481
0 0.883505 0.321392 0.0316154 0.049699 0.596677
0 0.514891 0.237533 0.117915 0.475066 0.953134
1 0.27717 0.31788 0.132908 0.0802508 0.914863
4 0.9102 0.175252 0.0461082 0.0988075 0.790485
2 0.224096 0.130846 0.0575669 0.04519 0.688481
0 0.883505 0.321392 0.0316154 0.049699 0.596677
