0 0.550669 0.708901 0.135879 0.391429 0.952747
2 0.437438 0.142435 0.0167559 0.0328364 0.726859
0 0.518 0.135492 0.0265572 0.0152177 0.690852
0 0.977396 0.58307 0.0452089 0.224692 0.600561
0 0.584176 0.204291 0.0324614 0.0327068 0.599993
1 0.367391 0.131342 0.0486823 0.19006 0.557894
2 0.571847 0.168942 0.0270878 0.0364137 0.358571
5 0.242892 0.0209051 0.0193546 0.0414782 0.25568
0 0.550669 0.708901 0.135879 0.391429 0.952747
2 0.437438 0.142435 0.0167559 0.0328364 0.726859
0 0.518 0.135492 0.0265572 0.0152177 0.690852
0 0.977396 0.58307 0.0452089 0.224692 0.600561
0 0.584176 0.204291 0.0324614 0.0327068 0.599993
1 0.367391 0.131342 0.0486823 0.19006 0.557894
2 0.571847 0.168942 0.0270878 0.0364137 0.358571
5 0.242892 0.0209051 0.0193546 0.0414782 0.25568
