1 0.395319 0.303909 0.290743 0.406351 0.974348
0 0.0468905 0.855304 0.0928344 0.287753 0.935845
1 0.231458 0.0555108 0.149298 0.10999 0.474138
1 0.395319 0.303909 0.290743 0.406351 0.974348
0 0.0468905 0.855304 0.0928344 0.287753 0.935845
1 0.231458 0.0555108 0.149298 0.10999 0.474138
1 0.395319 0.303909 0.290743 0.406351 0.974348
0 0.0468905 0.855304 0.0928344 0.287753 0.935845
1 0.231458 0.0555108 0.149298 0.10999 0.474138
1 0.395319 0.303909 0.290743 0.406351 0.974348
0 0.0468905 0.855304 0.0928344 0.287753 0.935845
1 0.231458 0.0555108 0.149298 0.10999 0.474138
