0 0.679949 0.157575 0.106253 0.266977 0.943805
0 0.1823 0.235471 0.194957 0.35008 0.90807
1 0.505141 0.412628 0.197702 0.51057 0.873364
0 0.679949 0.157575 0.106253 0.266977 0.943805
0 0.1823 0.235471 0.194957 0.35008 0.90807
1 0.505141 0.412628 0.197702 0.51057 0.873364
0 0.679949 0.157575 0.106253 0.266977 0.943805
0 0.1823 0.235471 0.194957 0.35008 0.90807
1 0.505141 0.412628 0.197702 0.51057 0.873364
0 0.679949 0.157575 0.106253 0.266977 0.943805
0 0.1823 0.235471 0.194957 0.35008 0.90807
1 0.505141 0.412628 0.197702 0.51057 0.873364
