1 0.889467 0.144417 0.0695686 0.0657427 0.924849
0 0.822761 0.195603 0.0531685 0.0675136 0.661292
2 0.772259 0.0605819 0.0289474 0.0380067 0.604009
2 0.847853 0.201939 0.050135 0.0769641 0.526939
3 0.979303 0.0307582 0.0172939 0.0318529 0.401902
1 0.834697 0.200654 0.0778854 0.082777 0.27664
1 0.889467 0.144417 0.0695686 0.0657427 0.924849
0 0.822761 0.195603 0.0531685 0.0675136 0.661292
2 0.772259 0.0605819 0.0289474 0.0380067 0.604009
2 0.847853 0.201939 0.050135 0.0769641 0.526939
3 0.979303 0.0307582 0.0172939 0.0318529 0.401902
1 0.834697 0.200654 0.0778854 0.082777 0.27664
