1 0.144118 0.398368 0.102645 0.235165 0.960735
1 0.570053 0.830114 0.120724 0.338995 0.917684
6 0.170983 0.0942697 0.0533427 0.0550837 0.596503
1 0.144118 0.398368 0.102645 0.235165 0.960735
1 0.570053 0.830114 0.120724 0.338995 0.917684
6 0.170983 0.0942697 0.0533427 0.0550837 0.596503
1 0.144118 0.398368 0.102645 0.235165 0.960735
1 0.570053 0.830114 0.120724 0.338995 0.917684
6 0.170983 0.0942697 0.0533427 0.0550837 0.596503
1 0.144118 0.398368 0.102645 0.235165 0.960735
1 0.570053 0.830114 0.120724 0.338995 0.917684
6 0.170983 0.0942697 0.0533427 0.0550837 0.596503
