1 0.500538 0.782229 0.108979 0.435541 0.955451
2 0.946214 0.371819 0.105064 0.112067 0.914338
2 0.921145 0.203568 0.0436752 0.063507 0.854382
0 0.681357 0.18362 0.0518541 0.0382235 0.804672
1 0.962205 0.261579 0.0755901 0.0690847 0.738957
4 0.254928 0.182228 0.0310861 0.092637 0.402645
5 0.155423 0.0223692 0.016275 0.0447384 0.251245
1 0.500538 0.782229 0.108979 0.435541 0.955451
2 0.946214 0.371819 0.105064 0.112067 0.914338
2 0.921145 0.203568 0.0436752 0.063507 0.854382
0 0.681357 0.18362 0.0518541 0.0382235 0.804672
1 0.962205 0.261579 0.0755901 0.0690847 0.738957
4 0.254928 0.182228 0.0310861 0.092637 0.402645
5 0.155423 0.0223692 0.016275 0.0447384 0.251245
1 0.500538 0.782229 0.108979 0.435541 0.955451
2 0.946214 0.371819 0.105064 0.112067 0.914338
2 0.921145 0.203568 0.0436752 0.063507 0.854382
0 0.681357 0.18362 0.0518541 0.0382235 0.804672
1 0.962205 0.261579 0.0755901 0.0690847 0.738957
4 0.254928 0.182228 0.0310861 0.092637 0.402645
5 0.155423 0.0223692 0.016275 0.0447384 0.251245
1 0.500538 0.782229 0.108979 0.435541 0.955451
2 0.946214 0.371819 0.105064 0.112067 0.914338
2 0.921145 0.203568 0.0436752 0.063507 0.854382
0 0.681357 0.18362 0.0518541 0.0382235 0.804672
1 0.962205 0.261579 0.0755901 0.0690847 0.738957
4 0.254928 0.182228 0.0310861 0.092637 0.402645
5 0.155423 0.0223692 0.016275 0.0447384 0.251245
