6 0.591648 0.703765 0.339819 0.335292 0.954568
0 0.581285 0.387389 0.0533899 0.038112 0.77437
2 0.331466 0.543266 0.0607985 0.0336473 0.437165
1 0.635282 0.360664 0.0552311 0.0412006 0.344085
6 0.591648 0.703765 0.339819 0.335292 0.954568
0 0.581285 0.387389 0.0533899 0.038112 0.77437
2 0.331466 0.543266 0.0607985 0.0336473 0.437165
1 0.635282 0.360664 0.0552311 0.0412006 0.344085
6 0.591648 0.703765 0.339819 0.335292 0.954568
0 0.581285 0.387389 0.0533899 0.038112 0.77437
2 0.331466 0.543266 0.0607985 0.0336473 0.437165
1 0.635282 0.360664 0.0552311 0.0412006 0.344085
6 0.591648 0.703765 0.339819 0.335292 0.954568
0 0.581285 0.387389 0.0533899 0.038112 0.77437
2 0.331466 0.543266 0.0607985 0.0336473 0.437165
1 0.635282 0.360664 0.0552311 0.0412006 0.344085
