1 0.251626 0.160905 0.182975 0.319521 0.94477
1 0.501943 0.240234 0.148163 0.480469 0.92167
0 0.411161 0.0739191 0.0348767 0.145059 0.73564
1 0.41087 0.0707659 0.0327066 0.1404 0.450711
1 0.251626 0.160905 0.182975 0.319521 0.94477
1 0.501943 0.240234 0.148163 0.480469 0.92167
0 0.411161 0.0739191 0.0348767 0.145059 0.73564
1 0.41087 0.0707659 0.0327066 0.1404 0.450711
1 0.251626 0.160905 0.182975 0.319521 0.94477
1 0.501943 0.240234 0.148163 0.480469 0.92167
0 0.411161 0.0739191 0.0348767 0.145059 0.73564
1 0.41087 0.0707659 0.0327066 0.1404 0.450711
1 0.251626 0.160905 0.182975 0.319521 0.94477
1 0.501943 0.240234 0.148163 0.480469 0.92167
0 0.411161 0.0739191 0.0348767 0.145059 0.73564
1 0.41087 0.0707659 0.0327066 0.1404 0.450711
