2 0.3509 0.748919 0.307246 0.315684 0.972966
0 0.655211 0.43769 0.0726955 0.0671704 0.938418
0 0.80574 0.369405 0.127752 0.049326 0.783029
2 0.3509 0.748919 0.307246 0.315684 0.972966
0 0.655211 0.43769 0.0726955 0.0671704 0.938418
0 0.80574 0.369405 0.127752 0.049326 0.783029
2 0.3509 0.748919 0.307246 0.315684 0.972966
0 0.655211 0.43769 0.0726955 0.0671704 0.938418
0 0.80574 0.369405 0.127752 0.049326 0.783029
2 0.3509 0.748919 0.307246 0.315684 0.972966
0 0.655211 0.43769 0.0726955 0.0671704 0.938418
0 0.80574 0.369405 0.127752 0.049326 0.783029
