0 0.558564 0.562961 0.407045 0.251199 0.937682
0 0.817563 0.458911 0.120555 0.10814 0.915073
6 0.646919 0.415407 0.103684 0.0652995 0.735634
1 0.732813 0.388208 0.07894 0.0492589 0.662205
2 0.00713485 0.464366 0.0142697 0.04035 0.371896
6 0.24218 0.477815 0.0451102 0.0224384 0.292082
0 0.558564 0.562961 0.407045 0.251199 0.937682
0 0.817563 0.458911 0.120555 0.10814 0.915073
6 0.646919 0.415407 0.103684 0.0652995 0.735634
1 0.732813 0.388208 0.07894 0.0492589 0.662205
2 0.00713485 0.464366 0.0142697 0.04035 0.371896
6 0.24218 0.477815 0.0451102 0.0224384 0.292082
