1 0.170444 0.105804 0.315472 0.210117 0.967672
1 0.351938 0.313191 0.228147 0.220559 0.957475
2 0.550919 0.213586 0.135196 0.349197 0.943608
0 0.699373 0.776653 0.209625 0.0932624 0.876369
0 0.0279765 0.424696 0.0557791 0.352707 0.724681
0 0.231607 0.572972 0.195383 0.268138 0.693887
0 0.149564 0.646452 0.141384 0.115277 0.613881
1 0.0533844 0.249552 0.106172 0.102767 0.355436
1 0.170444 0.105804 0.315472 0.210117 0.967672
1 0.351938 0.313191 0.228147 0.220559 0.957475
2 0.550919 0.213586 0.135196 0.349197 0.943608
0 0.699373 0.776653 0.209625 0.0932624 0.876369
0 0.0279765 0.424696 0.0557791 0.352707 0.724681
0 0.231607 0.572972 0.195383 0.268138 0.693887
0 0.149564 0.646452 0.141384 0.115277 0.613881
1 0.0533844 0.249552 0.106172 0.102767 0.355436
1 0.170444 0.105804 0.315472 0.210117 0.967672
1 0.351938 0.313191 0.228147 0.220559 0.957475
2 0.550919 0.213586 0.135196 0.349197 0.943608
0 0.699373 0.776653 0.209625 0.0932624 0.876369
0 0.0279765 0.424696 0.0557791 0.352707 0.724681
0 0.231607 0.572972 0.195383 0.268138 0.693887
0 0.149564 0.646452 0.141384 0.115277 0.613881
1 0.0533844 0.249552 0.106172 0.102767 0.355436
1 0.170444 0.105804 0.315472 0.210117 0.967672
1 0.351938 0.313191 0.228147 0.220559 0.957475
2 0.550919 0.213586 0.135196 0.349197 0.943608
0 0.699373 0.776653 0.209625 0.0932624 0.876369
0 0.0279765 0.424696 0.0557791 0.352707 0.724681
0 0.231607 0.572972 0.195383 0.268138 0.693887
0 0.149564 0.646452 0.141384 0.115277 0.613881
1 0.0533844 0.249552 0.106172 0.102767 0.355436
