1 0.871425 0.340915 0.110244 0.204148 0.9623
1 0.317328 0.235761 0.116962 0.158334 0.939143
6 0.577419 0.755164 0.204038 0.416014 0.907138
0 0.364846 0.0153954 0.0532513 0.026699 0.864424
2 0.207868 0.0199207 0.0849424 0.0378731 0.53955
1 0.199927 0.0186695 0.0707093 0.0366138 0.404941
6 0.092721 0.150636 0.0374554 0.0682181 0.32618
1 0.871425 0.340915 0.110244 0.204148 0.9623
1 0.317328 0.235761 0.116962 0.158334 0.939143
6 0.577419 0.755164 0.204038 0.416014 0.907138
0 0.364846 0.0153954 0.0532513 0.026699 0.864424
2 0.207868 0.0199207 0.0849424 0.0378731 0.53955
1 0.199927 0.0186695 0.0707093 0.0366138 0.404941
6 0.092721 0.150636 0.0374554 0.0682181 0.32618
