2 0.517359 0.444032 0.182852 0.213452 0.960238
0 0.0576013 0.410768 0.0642278 0.0539686 0.85843
0 0.342699 0.375236 0.0510454 0.0283133 0.753135
0 0.189972 0.362426 0.0316762 0.0396215 0.675852
6 0.228022 0.356924 0.0480012 0.0528763 0.545342
2 0.517359 0.444032 0.182852 0.213452 0.960238
0 0.0576013 0.410768 0.0642278 0.0539686 0.85843
0 0.342699 0.375236 0.0510454 0.0283133 0.753135
0 0.189972 0.362426 0.0316762 0.0396215 0.675852
6 0.228022 0.356924 0.0480012 0.0528763 0.545342
2 0.517359 0.444032 0.182852 0.213452 0.960238
0 0.0576013 0.410768 0.0642278 0.0539686 0.85843
0 0.342699 0.375236 0.0510454 0.0283133 0.753135
0 0.189972 0.362426 0.0316762 0.0396215 0.675852
6 0.228022 0.356924 0.0480012 0.0528763 0.545342
2 0.517359 0.444032 0.182852 0.213452 0.960238
0 0.0576013 0.410768 0.0642278 0.0539686 0.85843
0 0.342699 0.375236 0.0510454 0.0283133 0.753135
0 0.189972 0.362426 0.0316762 0.0396215 0.675852
6 0.228022 0.356924 0.0480012 0.0528763 0.545342
