2 0.6546 0.647432 0.0725177 0.0714237 0.874004
1 0.243328 0.699641 0.264149 0.155469 0.851972
6 0.48989 0.731291 0.0919048 0.134524 0.809005
1 0.971851 0.624153 0.0562977 0.0595244 0.649083
4 0.744395 0.447664 0.0241405 0.0702869 0.578837
3 0.256339 0.504553 0.00851193 0.0211247 0.254193
2 0.6546 0.647432 0.0725177 0.0714237 0.874004
1 0.243328 0.699641 0.264149 0.155469 0.851972
6 0.48989 0.731291 0.0919048 0.134524 0.809005
1 0.971851 0.624153 0.0562977 0.0595244 0.649083
4 0.744395 0.447664 0.0241405 0.0702869 0.578837
3 0.256339 0.504553 0.00851193 0.0211247 0.254193
