1 0.438464 0.797133 0.170426 0.405735 0.946626
1 0.198199 0.605876 0.376202 0.408459 0.945079
1 0.19923 0.856829 0.242774 0.286342 0.941191
0 0.683313 0.151055 0.149965 0.234776 0.937021
0 0.889799 0.795019 0.220403 0.362885 0.935774
0 0.552666 0.245309 0.101288 0.190103 0.930131
1 0.346818 0.872305 0.13328 0.255389 0.436091
1 0.438464 0.797133 0.170426 0.405735 0.946626
1 0.198199 0.605876 0.376202 0.408459 0.945079
1 0.19923 0.856829 0.242774 0.286342 0.941191
0 0.683313 0.151055 0.149965 0.234776 0.937021
0 0.889799 0.795019 0.220403 0.362885 0.935774
0 0.552666 0.245309 0.101288 0.190103 0.930131
1 0.346818 0.872305 0.13328 0.255389 0.436091
1 0.438464 0.797133 0.170426 0.405735 0.946626
1 0.198199 0.605876 0.376202 0.408459 0.945079
1 0.19923 0.856829 0.242774 0.286342 0.941191
0 0.683313 0.151055 0.149965 0.234776 0.937021
0 0.889799 0.795019 0.220403 0.362885 0.935774
0 0.552666 0.245309 0.101288 0.190103 0.930131
1 0.346818 0.872305 0.13328 0.255389 0.436091
1 0.438464 0.797133 0.170426 0.405735 0.946626
1 0.198199 0.605876 0.376202 0.408459 0.945079
1 0.19923 0.856829 0.242774 0.286342 0.941191
0 0.683313 0.151055 0.149965 0.234776 0.937021
0 0.889799 0.795019 0.220403 0.362885 0.935774
0 0.552666 0.245309 0.101288 0.190103 0.930131
1 0.346818 0.872305 0.13328 0.255389 0.436091
