0 0.53091 0.904622 0.0878958 0.187792 0.939958
0 0.753378 0.888747 0.0977612 0.222506 0.907182
0 0.43131 0.932318 0.0723044 0.135364 0.896723
0 0.53091 0.904622 0.0878958 0.187792 0.939958
0 0.753378 0.888747 0.0977612 0.222506 0.907182
0 0.43131 0.932318 0.0723044 0.135364 0.896723
0 0.53091 0.904622 0.0878958 0.187792 0.939958
0 0.753378 0.888747 0.0977612 0.222506 0.907182
0 0.43131 0.932318 0.0723044 0.135364 0.896723
0 0.53091 0.904622 0.0878958 0.187792 0.939958
0 0.753378 0.888747 0.0977612 0.222506 0.907182
0 0.43131 0.932318 0.0723044 0.135364 0.896723
