1 0.352839 0.401402 0.299573 0.370726 0.974823
1 0.16186 0.117501 0.0554781 0.0625811 0.87727
2 0.0899612 0.0929989 0.0579299 0.0522085 0.866785
1 0.352839 0.401402 0.299573 0.370726 0.974823
1 0.16186 0.117501 0.0554781 0.0625811 0.87727
2 0.0899612 0.0929989 0.0579299 0.0522085 0.866785
1 0.352839 0.401402 0.299573 0.370726 0.974823
1 0.16186 0.117501 0.0554781 0.0625811 0.87727
2 0.0899612 0.0929989 0.0579299 0.0522085 0.866785
1 0.352839 0.401402 0.299573 0.370726 0.974823
1 0.16186 0.117501 0.0554781 0.0625811 0.87727
2 0.0899612 0.0929989 0.0579299 0.0522085 0.866785
