0 0.376758 0.727829 0.138908 0.173019 0.947358
4 0.519236 0.345668 0.0337524 0.118763 0.801969
1 0.0234613 0.688415 0.0464502 0.115488 0.675972
6 0.501953 0.675525 0.111581 0.0762095 0.65348
0 0.376758 0.727829 0.138908 0.173019 0.947358
4 0.519236 0.345668 0.0337524 0.118763 0.801969
1 0.0234613 0.688415 0.0464502 0.115488 0.675972
6 0.501953 0.675525 0.111581 0.0762095 0.65348
0 0.376758 0.727829 0.138908 0.173019 0.947358
4 0.519236 0.345668 0.0337524 0.118763 0.801969
1 0.0234613 0.688415 0.0464502 0.115488 0.675972
6 0.501953 0.675525 0.111581 0.0762095 0.65348
0 0.376758 0.727829 0.138908 0.173019 0.947358
4 0.519236 0.345668 0.0337524 0.118763 0.801969
1 0.0234613 0.688415 0.0464502 0.115488 0.675972
6 0.501953 0.675525 0.111581 0.0762095 0.65348
