1 0.758999 0.1648 0.145962 0.327779 0.971708
0 0.304792 0.295962 0.142299 0.31587 0.966934
0 0.549684 0.514384 0.0772713 0.301209 0.965365
0 0.625062 0.402861 0.0759712 0.319442 0.953956
1 0.696393 0.0559086 0.0608074 0.111817 0.938497
1 0.57133 0.142575 0.0900407 0.284241 0.925058
2 0.0539593 0.0981878 0.106347 0.111411 0.92251
1 0.627474 0.075676 0.0339224 0.150997 0.873487
1 0.838005 0.0449897 0.0551554 0.0825092 0.383525
1 0.758999 0.1648 0.145962 0.327779 0.971708
0 0.304792 0.295962 0.142299 0.31587 0.966934
0 0.549684 0.514384 0.0772713 0.301209 0.965365
0 0.625062 0.402861 0.0759712 0.319442 0.953956
1 0.696393 0.0559086 0.0608074 0.111817 0.938497
1 0.57133 0.142575 0.0900407 0.284241 0.925058
2 0.0539593 0.0981878 0.106347 0.111411 0.92251
1 0.627474 0.075676 0.0339224 0.150997 0.873487
1 0.838005 0.0449897 0.0551554 0.0825092 0.383525
1 0.758999 0.1648 0.145962 0.327779 0.971708
0 0.304792 0.295962 0.142299 0.31587 0.966934
0 0.549684 0.514384 0.0772713 0.301209 0.965365
0 0.625062 0.402861 0.0759712 0.319442 0.953956
1 0.696393 0.0559086 0.0608074 0.111817 0.938497
1 0.57133 0.142575 0.0900407 0.284241 0.925058
2 0.0539593 0.0981878 0.106347 0.111411 0.92251
1 0.627474 0.075676 0.0339224 0.150997 0.873487
1 0.838005 0.0449897 0.0551554 0.0825092 0.383525
1 0.758999 0.1648 0.145962 0.327779 0.971708
0 0.304792 0.295962 0.142299 0.31587 0.966934
0 0.549684 0.514384 0.0772713 0.301209 0.965365
0 0.625062 0.402861 0.0759712 0.319442 0.953956
1 0.696393 0.0559086 0.0608074 0.111817 0.938497
1 0.57133 0.142575 0.0900407 0.284241 0.925058
2 0.0539593 0.0981878 0.106347 0.111411 0.92251
1 0.627474 0.075676 0.0339224 0.150997 0.873487
1 0.838005 0.0449897 0.0551554 0.0825092 0.383525
