2 0.443984 0.201601 0.416061 0.401238 0.989167
6 0.763813 0.101399 0.267998 0.202799 0.880893
2 0.834421 0.757686 0.330743 0.480951 0.757925
0 0.9357 0.0728779 0.127447 0.145348 0.395136
2 0.443984 0.201601 0.416061 0.401238 0.989167
6 0.763813 0.101399 0.267998 0.202799 0.880893
2 0.834421 0.757686 0.330743 0.480951 0.757925
0 0.9357 0.0728779 0.127447 0.145348 0.395136
2 0.443984 0.201601 0.416061 0.401238 0.989167
6 0.763813 0.101399 0.267998 0.202799 0.880893
2 0.834421 0.757686 0.330743 0.480951 0.757925
0 0.9357 0.0728779 0.127447 0.145348 0.395136
2 0.443984 0.201601 0.416061 0.401238 0.989167
6 0.763813 0.101399 0.267998 0.202799 0.880893
2 0.834421 0.757686 0.330743 0.480951 0.757925
0 0.9357 0.0728779 0.127447 0.145348 0.395136
