0 0.455162 0.380619 0.177873 0.71123 0.969332
1 0.932693 0.262409 0.133899 0.51936 0.929715
1 0.158039 0.329235 0.0680282 0.157288 0.892128
2 0.484179 0.0495558 0.0214352 0.0330254 0.557414
2 0.185919 0.159007 0.0398667 0.0371071 0.522285
2 0.447112 0.0697965 0.0192369 0.0329317 0.449596
0 0.455162 0.380619 0.177873 0.71123 0.969332
1 0.932693 0.262409 0.133899 0.51936 0.929715
1 0.158039 0.329235 0.0680282 0.157288 0.892128
2 0.484179 0.0495558 0.0214352 0.0330254 0.557414
2 0.185919 0.159007 0.0398667 0.0371071 0.522285
2 0.447112 0.0697965 0.0192369 0.0329317 0.449596
0 0.455162 0.380619 0.177873 0.71123 0.969332
1 0.932693 0.262409 0.133899 0.51936 0.929715
1 0.158039 0.329235 0.0680282 0.157288 0.892128
2 0.484179 0.0495558 0.0214352 0.0330254 0.557414
2 0.185919 0.159007 0.0398667 0.0371071 0.522285
2 0.447112 0.0697965 0.0192369 0.0329317 0.449596
0 0.455162 0.380619 0.177873 0.71123 0.969332
1 0.932693 0.262409 0.133899 0.51936 0.929715
1 0.158039 0.329235 0.0680282 0.157288 0.892128
2 0.484179 0.0495558 0.0214352 0.0330254 0.557414
2 0.185919 0.159007 0.0398667 0.0371071 0.522285
2 0.447112 0.0697965 0.0192369 0.0329317 0.449596
