0 0.354118 0.22522 0.0539814 0.0377803 0.82569
2 0.888364 0.27069 0.0579638 0.0561802 0.816185
0 0.761606 0.278389 0.108778 0.0513567 0.782879
2 0.272313 0.19626 0.0227422 0.0313569 0.657376
1 0.404871 0.215517 0.0174181 0.0397674 0.610183
0 0.209313 0.182288 0.0291843 0.0156595 0.496812
1 0.325664 0.198663 0.0398801 0.0313218 0.263999
0 0.354118 0.22522 0.0539814 0.0377803 0.82569
2 0.888364 0.27069 0.0579638 0.0561802 0.816185
0 0.761606 0.278389 0.108778 0.0513567 0.782879
2 0.272313 0.19626 0.0227422 0.0313569 0.657376
1 0.404871 0.215517 0.0174181 0.0397674 0.610183
0 0.209313 0.182288 0.0291843 0.0156595 0.496812
1 0.325664 0.198663 0.0398801 0.0313218 0.263999
0 0.354118 0.22522 0.0539814 0.0377803 0.82569
2 0.888364 0.27069 0.0579638 0.0561802 0.816185
0 0.761606 0.278389 0.108778 0.0513567 0.782879
2 0.272313 0.19626 0.0227422 0.0313569 0.657376
1 0.404871 0.215517 0.0174181 0.0397674 0.610183
0 0.209313 0.182288 0.0291843 0.0156595 0.496812
1 0.325664 0.198663 0.0398801 0.0313218 0.263999
0 0.354118 0.22522 0.0539814 0.0377803 0.82569
2 0.888364 0.27069 0.0579638 0.0561802 0.816185
0 0.761606 0.278389 0.108778 0.0513567 0.782879
2 0.272313 0.19626 0.0227422 0.0313569 0.657376
1 0.404871 0.215517 0.0174181 0.0397674 0.610183
0 0.209313 0.182288 0.0291843 0.0156595 0.496812
1 0.325664 0.198663 0.0398801 0.0313218 0.263999
