2 0.438016 0.461992 0.219125 0.361167 0.944059
4 0.457905 0.125427 0.0517715 0.203549 0.764294
5 0.643877 0.136969 0.0154913 0.0654188 0.580177
3 0.657079 0.182663 0.0104996 0.0191094 0.404089
2 0.438016 0.461992 0.219125 0.361167 0.944059
4 0.457905 0.125427 0.0517715 0.203549 0.764294
5 0.643877 0.136969 0.0154913 0.0654188 0.580177
3 0.657079 0.182663 0.0104996 0.0191094 0.404089
2 0.438016 0.461992 0.219125 0.361167 0.944059
4 0.457905 0.125427 0.0517715 0.203549 0.764294
5 0.643877 0.136969 0.0154913 0.0654188 0.580177
3 0.657079 0.182663 0.0104996 0.0191094 0.404089
2 0.438016 0.461992 0.219125 0.361167 0.944059
4 0.457905 0.125427 0.0517715 0.203549 0.764294
5 0.643877 0.136969 0.0154913 0.0654188 0.580177
3 0.657079 0.182663 0.0104996 0.0191094 0.404089
