1 0.382727 0.561421 0.212236 0.289517 0.970162
1 0.428976 0.415416 0.069181 0.0598916 0.896979
3 0.850851 0.275657 0.015427 0.0309407 0.637569
2 0.195957 0.411698 0.026248 0.0232741 0.604782
3 0.00478613 0.280937 0.00954481 0.0217176 0.392803
2 0.274252 0.40557 0.0557088 0.029559 0.368194
1 0.382727 0.561421 0.212236 0.289517 0.970162
1 0.428976 0.415416 0.069181 0.0598916 0.896979
3 0.850851 0.275657 0.015427 0.0309407 0.637569
2 0.195957 0.411698 0.026248 0.0232741 0.604782
3 0.00478613 0.280937 0.00954481 0.0217176 0.392803
2 0.274252 0.40557 0.0557088 0.029559 0.368194
