0 0.773009 0.775165 0.448934 0.44516 0.960091
0 0.452888 0.274873 0.234907 0.484398 0.951156
0 0.0672983 0.776775 0.134564 0.44645 0.345123
0 0.773009 0.775165 0.448934 0.44516 0.960091
0 0.452888 0.274873 0.234907 0.484398 0.951156
0 0.0672983 0.776775 0.134564 0.44645 0.345123
0 0.773009 0.775165 0.448934 0.44516 0.960091
0 0.452888 0.274873 0.234907 0.484398 0.951156
0 0.0672983 0.776775 0.134564 0.44645 0.345123
0 0.773009 0.775165 0.448934 0.44516 0.960091
0 0.452888 0.274873 0.234907 0.484398 0.951156
0 0.0672983 0.776775 0.134564 0.44645 0.345123
