0 0.606318 0.371894 0.144403 0.206807 0.961357
2 0.312955 0.218816 0.0648144 0.144016 0.913311
1 0.040909 0.304287 0.0818181 0.189017 0.783271
0 0.606318 0.371894 0.144403 0.206807 0.961357
2 0.312955 0.218816 0.0648144 0.144016 0.913311
1 0.040909 0.304287 0.0818181 0.189017 0.783271
0 0.606318 0.371894 0.144403 0.206807 0.961357
2 0.312955 0.218816 0.0648144 0.144016 0.913311
1 0.040909 0.304287 0.0818181 0.189017 0.783271
0 0.606318 0.371894 0.144403 0.206807 0.961357
2 0.312955 0.218816 0.0648144 0.144016 0.913311
1 0.040909 0.304287 0.0818181 0.189017 0.783271
