0 0.154617 0.266034 0.259321 0.447585 0.981781
0 0.117542 0.852646 0.230704 0.294141 0.969253
1 0.739809 0.182456 0.153603 0.363497 0.965733
0 0.429248 0.563983 0.166915 0.448012 0.954508
0 0.53619 0.403041 0.108719 0.512094 0.928557
1 0.59083 0.0833546 0.052433 0.165196 0.914403
1 0.519155 0.140643 0.104359 0.277829 0.91285
1 0.674226 0.0602635 0.0478254 0.12035 0.853615
1 0.614603 0.355011 0.153453 0.312824 0.371784
0 0.154617 0.266034 0.259321 0.447585 0.981781
0 0.117542 0.852646 0.230704 0.294141 0.969253
1 0.739809 0.182456 0.153603 0.363497 0.965733
0 0.429248 0.563983 0.166915 0.448012 0.954508
0 0.53619 0.403041 0.108719 0.512094 0.928557
1 0.59083 0.0833546 0.052433 0.165196 0.914403
1 0.519155 0.140643 0.104359 0.277829 0.91285
1 0.674226 0.0602635 0.0478254 0.12035 0.853615
1 0.614603 0.355011 0.153453 0.312824 0.371784
0 0.154617 0.266034 0.259321 0.447585 0.981781
0 0.117542 0.852646 0.230704 0.294141 0.969253
1 0.739809 0.182456 0.153603 0.363497 0.965733
0 0.429248 0.563983 0.166915 0.448012 0.954508
0 0.53619 0.403041 0.108719 0.512094 0.928557
1 0.59083 0.0833546 0.052433 0.165196 0.914403
1 0.519155 0.140643 0.104359 0.277829 0.91285
1 0.674226 0.0602635 0.0478254 0.12035 0.853615
1 0.614603 0.355011 0.153453 0.312824 0.371784
0 0.154617 0.266034 0.259321 0.447585 0.981781
0 0.117542 0.852646 0.230704 0.294141 0.969253
1 0.739809 0.182456 0.153603 0.363497 0.965733
0 0.429248 0.563983 0.166915 0.448012 0.954508
0 0.53619 0.403041 0.108719 0.512094 0.928557
1 0.59083 0.0833546 0.052433 0.165196 0.914403
1 0.519155 0.140643 0.104359 0.277829 0.91285
1 0.674226 0.0602635 0.0478254 0.12035 0.853615
1 0.614603 0.355011 0.153453 0.312824 0.371784
