6 0.573981 0.657076 0.177867 0.280883 0.945567
2 0.607154 0.0285355 0.0746298 0.0570709 0.91782
2 0.961815 0.256654 0.0763702 0.130702 0.873631
6 0.331082 0.0704726 0.10218 0.0612592 0.837946
0 0.981423 0.0603499 0.0356743 0.0613331 0.441961
1 0.989284 0.141221 0.0212231 0.126693 0.28529
6 0.573981 0.657076 0.177867 0.280883 0.945567
2 0.607154 0.0285355 0.0746298 0.0570709 0.91782
2 0.961815 0.256654 0.0763702 0.130702 0.873631
6 0.331082 0.0704726 0.10218 0.0612592 0.837946
0 0.981423 0.0603499 0.0356743 0.0613331 0.441961
1 0.989284 0.141221 0.0212231 0.126693 0.28529
6 0.573981 0.657076 0.177867 0.280883 0.945567
2 0.607154 0.0285355 0.0746298 0.0570709 0.91782
2 0.961815 0.256654 0.0763702 0.130702 0.873631
6 0.331082 0.0704726 0.10218 0.0612592 0.837946
0 0.981423 0.0603499 0.0356743 0.0613331 0.441961
1 0.989284 0.141221 0.0212231 0.126693 0.28529
6 0.573981 0.657076 0.177867 0.280883 0.945567
2 0.607154 0.0285355 0.0746298 0.0570709 0.91782
2 0.961815 0.256654 0.0763702 0.130702 0.873631
6 0.331082 0.0704726 0.10218 0.0612592 0.837946
0 0.981423 0.0603499 0.0356743 0.0613331 0.441961
1 0.989284 0.141221 0.0212231 0.126693 0.28529
