1 0.469509 0.702931 0.19314 0.222371 0.957176
0 0.219197 0.739181 0.256642 0.170294 0.88456
1 0.826361 0.433243 0.0236244 0.102702 0.831629
0 0.911741 0.42739 0.0233261 0.0996792 0.829053
1 0.864135 0.426009 0.0258617 0.106731 0.771773
0 0.53604 0.549372 0.0537897 0.0296115 0.731719
0 0.403846 0.642402 0.0915686 0.0627709 0.700842
4 0.503354 0.455774 0.0233786 0.0669851 0.607649
6 0.640712 0.570493 0.0615402 0.0269431 0.602681
0 0.936781 0.430069 0.0189411 0.0751693 0.560677
5 0.314043 0.498272 0.0113641 0.029905 0.426188
3 0.833371 0.353696 0.00831299 0.026397 0.329926
1 0.469509 0.702931 0.19314 0.222371 0.957176
0 0.219197 0.739181 0.256642 0.170294 0.88456
1 0.826361 0.433243 0.0236244 0.102702 0.831629
0 0.911741 0.42739 0.0233261 0.0996792 0.829053
1 0.864135 0.426009 0.0258617 0.106731 0.771773
0 0.53604 0.549372 0.0537897 0.0296115 0.731719
0 0.403846 0.642402 0.0915686 0.0627709 0.700842
4 0.503354 0.455774 0.0233786 0.0669851 0.607649
6 0.640712 0.570493 0.0615402 0.0269431 0.602681
0 0.936781 0.430069 0.0189411 0.0751693 0.560677
5 0.314043 0.498272 0.0113641 0.029905 0.426188
3 0.833371 0.353696 0.00831299 0.026397 0.329926
