0 0.488746 0.346516 0.0723249 0.543501 0.936161
6 0.80699 0.695212 0.386019 0.253512 0.93153
0 0.395163 0.331424 0.0669352 0.486849 0.915895
1 0.723293 0.453998 0.0655956 0.0712142 0.912025
2 0.989481 0.407708 0.0210262 0.0399602 0.59945
0 0.751146 0.285427 0.0283452 0.0151326 0.324976
0 0.723264 0.454691 0.0664677 0.0727715 0.251502
0 0.488746 0.346516 0.0723249 0.543501 0.936161
6 0.80699 0.695212 0.386019 0.253512 0.93153
0 0.395163 0.331424 0.0669352 0.486849 0.915895
1 0.723293 0.453998 0.0655956 0.0712142 0.912025
2 0.989481 0.407708 0.0210262 0.0399602 0.59945
0 0.751146 0.285427 0.0283452 0.0151326 0.324976
0 0.723264 0.454691 0.0664677 0.0727715 0.251502
0 0.488746 0.346516 0.0723249 0.543501 0.936161
6 0.80699 0.695212 0.386019 0.253512 0.93153
0 0.395163 0.331424 0.0669352 0.486849 0.915895
1 0.723293 0.453998 0.0655956 0.0712142 0.912025
2 0.989481 0.407708 0.0210262 0.0399602 0.59945
0 0.751146 0.285427 0.0283452 0.0151326 0.324976
0 0.723264 0.454691 0.0664677 0.0727715 0.251502
0 0.488746 0.346516 0.0723249 0.543501 0.936161
6 0.80699 0.695212 0.386019 0.253512 0.93153
0 0.395163 0.331424 0.0669352 0.486849 0.915895
1 0.723293 0.453998 0.0655956 0.0712142 0.912025
2 0.989481 0.407708 0.0210262 0.0399602 0.59945
0 0.751146 0.285427 0.0283452 0.0151326 0.324976
0 0.723264 0.454691 0.0664677 0.0727715 0.251502
