1 0.410383 0.304723 0.120615 0.605017 0.952679
0 0.696449 0.342709 0.20527 0.685418 0.917862
1 0.107759 0.333905 0.213733 0.662133 0.898011
1 0.228775 0.299869 0.0407449 0.577845 0.845631
0 0.931132 0.501478 0.137735 0.997043 0.704012
1 0.410383 0.304723 0.120615 0.605017 0.952679
0 0.696449 0.342709 0.20527 0.685418 0.917862
1 0.107759 0.333905 0.213733 0.662133 0.898011
1 0.228775 0.299869 0.0407449 0.577845 0.845631
0 0.931132 0.501478 0.137735 0.997043 0.704012
1 0.410383 0.304723 0.120615 0.605017 0.952679
0 0.696449 0.342709 0.20527 0.685418 0.917862
1 0.107759 0.333905 0.213733 0.662133 0.898011
1 0.228775 0.299869 0.0407449 0.577845 0.845631
0 0.931132 0.501478 0.137735 0.997043 0.704012
1 0.410383 0.304723 0.120615 0.605017 0.952679
0 0.696449 0.342709 0.20527 0.685418 0.917862
1 0.107759 0.333905 0.213733 0.662133 0.898011
1 0.228775 0.299869 0.0407449 0.577845 0.845631
0 0.931132 0.501478 0.137735 0.997043 0.704012
