0 0.459527 0.427928 0.275523 0.850987 0.966319
0 0.767886 0.388786 0.231724 0.468493 0.90662
0 0.328133 0.952928 0.259652 0.0906314 0.818412
0 0.459527 0.427928 0.275523 0.850987 0.966319
0 0.767886 0.388786 0.231724 0.468493 0.90662
0 0.328133 0.952928 0.259652 0.0906314 0.818412
0 0.459527 0.427928 0.275523 0.850987 0.966319
0 0.767886 0.388786 0.231724 0.468493 0.90662
0 0.328133 0.952928 0.259652 0.0906314 0.818412
0 0.459527 0.427928 0.275523 0.850987 0.966319
0 0.767886 0.388786 0.231724 0.468493 0.90662
0 0.328133 0.952928 0.259652 0.0906314 0.818412
