1 0.305186 0.152392 0.146878 0.304785 0.976854
0 0.468646 0.379231 0.155975 0.745503 0.96237
1 0.40318 0.039022 0.0725752 0.0776083 0.951933
6 0.952056 0.356258 0.0958874 0.158412 0.832653
0 0.515863 0.206284 0.0877287 0.410537 0.754817
0 0.0346867 0.68 0.0693735 0.349053 0.668646
1 0.305186 0.152392 0.146878 0.304785 0.976854
0 0.468646 0.379231 0.155975 0.745503 0.96237
1 0.40318 0.039022 0.0725752 0.0776083 0.951933
6 0.952056 0.356258 0.0958874 0.158412 0.832653
0 0.515863 0.206284 0.0877287 0.410537 0.754817
0 0.0346867 0.68 0.0693735 0.349053 0.668646
1 0.305186 0.152392 0.146878 0.304785 0.976854
0 0.468646 0.379231 0.155975 0.745503 0.96237
1 0.40318 0.039022 0.0725752 0.0776083 0.951933
6 0.952056 0.356258 0.0958874 0.158412 0.832653
0 0.515863 0.206284 0.0877287 0.410537 0.754817
0 0.0346867 0.68 0.0693735 0.349053 0.668646
1 0.305186 0.152392 0.146878 0.304785 0.976854
0 0.468646 0.379231 0.155975 0.745503 0.96237
1 0.40318 0.039022 0.0725752 0.0776083 0.951933
6 0.952056 0.356258 0.0958874 0.158412 0.832653
0 0.515863 0.206284 0.0877287 0.410537 0.754817
0 0.0346867 0.68 0.0693735 0.349053 0.668646
