0 0.705698 0.498633 0.361066 0.993149 0.96126
1 0.379792 0.443387 0.160963 0.875752 0.958223
1 0.51264 0.458646 0.0784213 0.543044 0.938377
0 0.705698 0.498633 0.361066 0.993149 0.96126
1 0.379792 0.443387 0.160963 0.875752 0.958223
1 0.51264 0.458646 0.0784213 0.543044 0.938377
0 0.705698 0.498633 0.361066 0.993149 0.96126
1 0.379792 0.443387 0.160963 0.875752 0.958223
1 0.51264 0.458646 0.0784213 0.543044 0.938377
0 0.705698 0.498633 0.361066 0.993149 0.96126
1 0.379792 0.443387 0.160963 0.875752 0.958223
1 0.51264 0.458646 0.0784213 0.543044 0.938377
