0 0.548956 0.676433 0.171767 0.350748 0.96146
0 0.520256 0.897197 0.200713 0.205607 0.916249
1 0.0137396 0.424169 0.0273631 0.104944 0.675692
3 0.52319 0.0194836 0.0194567 0.0389672 0.504561
2 0.126708 0.380551 0.0655506 0.0569962 0.431822
4 0.0414636 0.0320507 0.0325751 0.0623406 0.253007
0 0.548956 0.676433 0.171767 0.350748 0.96146
0 0.520256 0.897197 0.200713 0.205607 0.916249
1 0.0137396 0.424169 0.0273631 0.104944 0.675692
3 0.52319 0.0194836 0.0194567 0.0389672 0.504561
2 0.126708 0.380551 0.0655506 0.0569962 0.431822
4 0.0414636 0.0320507 0.0325751 0.0623406 0.253007
0 0.548956 0.676433 0.171767 0.350748 0.96146
0 0.520256 0.897197 0.200713 0.205607 0.916249
1 0.0137396 0.424169 0.0273631 0.104944 0.675692
3 0.52319 0.0194836 0.0194567 0.0389672 0.504561
2 0.126708 0.380551 0.0655506 0.0569962 0.431822
4 0.0414636 0.0320507 0.0325751 0.0623406 0.253007
