1 0.66702 0.801989 0.345854 0.190717 0.961964
0 0.222567 0.376379 0.0257925 0.105262 0.89414
4 0.0668235 0.153346 0.0341316 0.0790337 0.780034
0 0.0266628 0.61318 0.0533256 0.0873817 0.708131
3 0.519399 0.0168742 0.0195137 0.0302522 0.544529
3 0.485402 0.0206091 0.0182731 0.0359199 0.521701
3 0.452925 0.0449072 0.0122566 0.0254979 0.487399
0 0.245199 0.368086 0.0185813 0.100905 0.421657
3 0.803801 0.0497718 0.0107743 0.0326438 0.337685
3 0.460333 0.115015 0.0159617 0.0420109 0.289135
1 0.66702 0.801989 0.345854 0.190717 0.961964
0 0.222567 0.376379 0.0257925 0.105262 0.89414
4 0.0668235 0.153346 0.0341316 0.0790337 0.780034
0 0.0266628 0.61318 0.0533256 0.0873817 0.708131
3 0.519399 0.0168742 0.0195137 0.0302522 0.544529
3 0.485402 0.0206091 0.0182731 0.0359199 0.521701
3 0.452925 0.0449072 0.0122566 0.0254979 0.487399
0 0.245199 0.368086 0.0185813 0.100905 0.421657
3 0.803801 0.0497718 0.0107743 0.0326438 0.337685
3 0.460333 0.115015 0.0159617 0.0420109 0.289135
