0 0.396506 0.385343 0.173917 0.31758 0.957325
1 0.334626 0.125143 0.185837 0.245437 0.95727
2 0.343285 0.856165 0.0988966 0.28767 0.952946
0 0.396506 0.385343 0.173917 0.31758 0.957325
1 0.334626 0.125143 0.185837 0.245437 0.95727
2 0.343285 0.856165 0.0988966 0.28767 0.952946
0 0.396506 0.385343 0.173917 0.31758 0.957325
1 0.334626 0.125143 0.185837 0.245437 0.95727
2 0.343285 0.856165 0.0988966 0.28767 0.952946
0 0.396506 0.385343 0.173917 0.31758 0.957325
1 0.334626 0.125143 0.185837 0.245437 0.95727
2 0.343285 0.856165 0.0988966 0.28767 0.952946
