0 0.684797 0.799872 0.349782 0.27953 0.95773
0 0.790045 0.532427 0.019134 0.130387 0.817042
0 0.75501 0.533027 0.0190149 0.128096 0.785353
4 0.413255 0.388016 0.0220581 0.0710027 0.421632
0 0.684797 0.799872 0.349782 0.27953 0.95773
0 0.790045 0.532427 0.019134 0.130387 0.817042
0 0.75501 0.533027 0.0190149 0.128096 0.785353
4 0.413255 0.388016 0.0220581 0.0710027 0.421632
0 0.684797 0.799872 0.349782 0.27953 0.95773
0 0.790045 0.532427 0.019134 0.130387 0.817042
0 0.75501 0.533027 0.0190149 0.128096 0.785353
4 0.413255 0.388016 0.0220581 0.0710027 0.421632
0 0.684797 0.799872 0.349782 0.27953 0.95773
0 0.790045 0.532427 0.019134 0.130387 0.817042
0 0.75501 0.533027 0.0190149 0.128096 0.785353
4 0.413255 0.388016 0.0220581 0.0710027 0.421632
