1 0.676162 0.66077 0.642395 0.360395 0.933926
1 0.436264 0.285603 0.0471091 0.219834 0.874539
1 0.469161 0.275096 0.0325636 0.22372 0.864206
0 0.59357 0.292759 0.0301407 0.198184 0.736443
2 0.480361 0.439202 0.121589 0.10861 0.733561
3 0.581007 0.175469 0.011174 0.0292015 0.698551
4 0.0160768 0.308596 0.0321536 0.128354 0.683366
1 0.514194 0.285198 0.0325632 0.223071 0.666497
0 0.568687 0.29289 0.0249512 0.192844 0.655998
0 0.494175 0.286271 0.0361967 0.226782 0.652363
2 0.513142 0.443986 0.0544338 0.0989399 0.451853
1 0.676162 0.66077 0.642395 0.360395 0.933926
1 0.436264 0.285603 0.0471091 0.219834 0.874539
1 0.469161 0.275096 0.0325636 0.22372 0.864206
0 0.59357 0.292759 0.0301407 0.198184 0.736443
2 0.480361 0.439202 0.121589 0.10861 0.733561
3 0.581007 0.175469 0.011174 0.0292015 0.698551
4 0.0160768 0.308596 0.0321536 0.128354 0.683366
1 0.514194 0.285198 0.0325632 0.223071 0.666497
0 0.568687 0.29289 0.0249512 0.192844 0.655998
0 0.494175 0.286271 0.0361967 0.226782 0.652363
2 0.513142 0.443986 0.0544338 0.0989399 0.451853
1 0.676162 0.66077 0.642395 0.360395 0.933926
1 0.436264 0.285603 0.0471091 0.219834 0.874539
1 0.469161 0.275096 0.0325636 0.22372 0.864206
0 0.59357 0.292759 0.0301407 0.198184 0.736443
2 0.480361 0.439202 0.121589 0.10861 0.733561
3 0.581007 0.175469 0.011174 0.0292015 0.698551
4 0.0160768 0.308596 0.0321536 0.128354 0.683366
1 0.514194 0.285198 0.0325632 0.223071 0.666497
0 0.568687 0.29289 0.0249512 0.192844 0.655998
0 0.494175 0.286271 0.0361967 0.226782 0.652363
2 0.513142 0.443986 0.0544338 0.0989399 0.451853
1 0.676162 0.66077 0.642395 0.360395 0.933926
1 0.436264 0.285603 0.0471091 0.219834 0.874539
1 0.469161 0.275096 0.0325636 0.22372 0.864206
0 0.59357 0.292759 0.0301407 0.198184 0.736443
2 0.480361 0.439202 0.121589 0.10861 0.733561
3 0.581007 0.175469 0.011174 0.0292015 0.698551
4 0.0160768 0.308596 0.0321536 0.128354 0.683366
1 0.514194 0.285198 0.0325632 0.223071 0.666497
0 0.568687 0.29289 0.0249512 0.192844 0.655998
0 0.494175 0.286271 0.0361967 0.226782 0.652363
2 0.513142 0.443986 0.0544338 0.0989399 0.451853
