1 0.593898 0.153411 0.0809578 0.219276 0.937927
1 0.511832 0.0923628 0.117813 0.17139 0.917869
1 0.778488 0.0196055 0.0785262 0.0371691 0.58367
2 0.133908 0.0251825 0.0768512 0.0458435 0.485964
6 0.984024 0.0681821 0.0313633 0.0619953 0.353694
2 0.983714 0.0690621 0.0321613 0.0609939 0.324501
1 0.593898 0.153411 0.0809578 0.219276 0.937927
1 0.511832 0.0923628 0.117813 0.17139 0.917869
1 0.778488 0.0196055 0.0785262 0.0371691 0.58367
2 0.133908 0.0251825 0.0768512 0.0458435 0.485964
6 0.984024 0.0681821 0.0313633 0.0619953 0.353694
2 0.983714 0.0690621 0.0321613 0.0609939 0.324501
1 0.593898 0.153411 0.0809578 0.219276 0.937927
1 0.511832 0.0923628 0.117813 0.17139 0.917869
1 0.778488 0.0196055 0.0785262 0.0371691 0.58367
2 0.133908 0.0251825 0.0768512 0.0458435 0.485964
6 0.984024 0.0681821 0.0313633 0.0619953 0.353694
2 0.983714 0.0690621 0.0321613 0.0609939 0.324501
1 0.593898 0.153411 0.0809578 0.219276 0.937927
1 0.511832 0.0923628 0.117813 0.17139 0.917869
1 0.778488 0.0196055 0.0785262 0.0371691 0.58367
2 0.133908 0.0251825 0.0768512 0.0458435 0.485964
6 0.984024 0.0681821 0.0313633 0.0619953 0.353694
2 0.983714 0.0690621 0.0321613 0.0609939 0.324501
