1 0.451116 0.464968 0.144746 0.150246 0.947155
3 0.455813 0.193622 0.0117414 0.0353367 0.881898
2 0.133 0.418986 0.0577932 0.0650587 0.575761
1 0.451116 0.464968 0.144746 0.150246 0.947155
3 0.455813 0.193622 0.0117414 0.0353367 0.881898
2 0.133 0.418986 0.0577932 0.0650587 0.575761
1 0.451116 0.464968 0.144746 0.150246 0.947155
3 0.455813 0.193622 0.0117414 0.0353367 0.881898
2 0.133 0.418986 0.0577932 0.0650587 0.575761
1 0.451116 0.464968 0.144746 0.150246 0.947155
3 0.455813 0.193622 0.0117414 0.0353367 0.881898
2 0.133 0.418986 0.0577932 0.0650587 0.575761
