0 0.852802 0.373447 0.103382 0.577218 0.936548
1 0.181797 0.410327 0.122629 0.820179 0.888348
1 0.375101 0.501996 0.354769 0.996009 0.861513
5 0.0208517 0.260084 0.0293548 0.0587877 0.771455
3 0.0269666 0.321427 0.0217926 0.043005 0.672934
0 0.752908 0.498893 0.0645479 0.0276769 0.633756
0 0.0225545 0.772181 0.0445325 0.455638 0.482331
1 0.0231398 0.729531 0.0457793 0.540937 0.434435
1 0.571977 0.439179 0.0707739 0.875678 0.372671
3 0.994844 0.211412 0.00865936 0.0283185 0.320031
0 0.572262 0.433999 0.0603271 0.867998 0.258801
0 0.852802 0.373447 0.103382 0.577218 0.936548
1 0.181797 0.410327 0.122629 0.820179 0.888348
1 0.375101 0.501996 0.354769 0.996009 0.861513
5 0.0208517 0.260084 0.0293548 0.0587877 0.771455
3 0.0269666 0.321427 0.0217926 0.043005 0.672934
0 0.752908 0.498893 0.0645479 0.0276769 0.633756
0 0.0225545 0.772181 0.0445325 0.455638 0.482331
1 0.0231398 0.729531 0.0457793 0.540937 0.434435
1 0.571977 0.439179 0.0707739 0.875678 0.372671
3 0.994844 0.211412 0.00865936 0.0283185 0.320031
0 0.572262 0.433999 0.0603271 0.867998 0.258801
0 0.852802 0.373447 0.103382 0.577218 0.936548
1 0.181797 0.410327 0.122629 0.820179 0.888348
1 0.375101 0.501996 0.354769 0.996009 0.861513
5 0.0208517 0.260084 0.0293548 0.0587877 0.771455
3 0.0269666 0.321427 0.0217926 0.043005 0.672934
0 0.752908 0.498893 0.0645479 0.0276769 0.633756
0 0.0225545 0.772181 0.0445325 0.455638 0.482331
1 0.0231398 0.729531 0.0457793 0.540937 0.434435
1 0.571977 0.439179 0.0707739 0.875678 0.372671
3 0.994844 0.211412 0.00865936 0.0283185 0.320031
0 0.572262 0.433999 0.0603271 0.867998 0.258801
0 0.852802 0.373447 0.103382 0.577218 0.936548
1 0.181797 0.410327 0.122629 0.820179 0.888348
1 0.375101 0.501996 0.354769 0.996009 0.861513
5 0.0208517 0.260084 0.0293548 0.0587877 0.771455
3 0.0269666 0.321427 0.0217926 0.043005 0.672934
0 0.752908 0.498893 0.0645479 0.0276769 0.633756
0 0.0225545 0.772181 0.0445325 0.455638 0.482331
1 0.0231398 0.729531 0.0457793 0.540937 0.434435
1 0.571977 0.439179 0.0707739 0.875678 0.372671
3 0.994844 0.211412 0.00865936 0.0283185 0.320031
0 0.572262 0.433999 0.0603271 0.867998 0.258801
