1 0.175705 0.503233 0.35141 0.992153 0.953229
0 0.506469 0.257164 0.074589 0.514328 0.952879
0 0.783415 0.660808 0.102375 0.349388 0.945758
0 0.404467 0.277511 0.0957345 0.555021 0.916035
0 0.579241 0.638504 0.380724 0.722991 0.402782
1 0.175705 0.503233 0.35141 0.992153 0.953229
0 0.506469 0.257164 0.074589 0.514328 0.952879
0 0.783415 0.660808 0.102375 0.349388 0.945758
0 0.404467 0.277511 0.0957345 0.555021 0.916035
0 0.579241 0.638504 0.380724 0.722991 0.402782
1 0.175705 0.503233 0.35141 0.992153 0.953229
0 0.506469 0.257164 0.074589 0.514328 0.952879
0 0.783415 0.660808 0.102375 0.349388 0.945758
0 0.404467 0.277511 0.0957345 0.555021 0.916035
0 0.579241 0.638504 0.380724 0.722991 0.402782
1 0.175705 0.503233 0.35141 0.992153 0.953229
0 0.506469 0.257164 0.074589 0.514328 0.952879
0 0.783415 0.660808 0.102375 0.349388 0.945758
0 0.404467 0.277511 0.0957345 0.555021 0.916035
0 0.579241 0.638504 0.380724 0.722991 0.402782
