1 0.286373 0.302098 0.221341 0.597616 0.971051
1 0.521128 0.258896 0.145902 0.517792 0.93343
0 0.650612 0.213297 0.0584808 0.364715 0.914938
6 0.97948 0.374388 0.0410011 0.0520128 0.760849
0 0.435405 0.226511 0.0339602 0.382446 0.701325
0 0.405789 0.210841 0.0336065 0.39367 0.606291
1 0.286373 0.302098 0.221341 0.597616 0.971051
1 0.521128 0.258896 0.145902 0.517792 0.93343
0 0.650612 0.213297 0.0584808 0.364715 0.914938
6 0.97948 0.374388 0.0410011 0.0520128 0.760849
0 0.435405 0.226511 0.0339602 0.382446 0.701325
0 0.405789 0.210841 0.0336065 0.39367 0.606291
1 0.286373 0.302098 0.221341 0.597616 0.971051
1 0.521128 0.258896 0.145902 0.517792 0.93343
0 0.650612 0.213297 0.0584808 0.364715 0.914938
6 0.97948 0.374388 0.0410011 0.0520128 0.760849
0 0.435405 0.226511 0.0339602 0.382446 0.701325
0 0.405789 0.210841 0.0336065 0.39367 0.606291
1 0.286373 0.302098 0.221341 0.597616 0.971051
1 0.521128 0.258896 0.145902 0.517792 0.93343
0 0.650612 0.213297 0.0584808 0.364715 0.914938
6 0.97948 0.374388 0.0410011 0.0520128 0.760849
0 0.435405 0.226511 0.0339602 0.382446 0.701325
0 0.405789 0.210841 0.0336065 0.39367 0.606291
