1 0.511948 0.287104 0.312586 0.227334 0.953838
1 0.20501 0.233663 0.33096 0.184618 0.917292
1 0.66148 0.064198 0.0325249 0.128124 0.867565
1 0.730239 0.0648852 0.0205933 0.122501 0.860851
2 0.386355 0.129511 0.0478127 0.0611352 0.859392
2 0.00972351 0.147763 0.019447 0.0532574 0.80046
0 0.583523 0.0649083 0.0226633 0.1295 0.787677
0 0.704422 0.0652067 0.0394318 0.1284 0.724782
0 0.548085 0.163966 0.0340732 0.0481094 0.674314
1 0.260007 0.133416 0.0825845 0.0279632 0.527135
1 0.681474 0.0628437 0.0169886 0.124855 0.34642
5 0.458657 0.0661571 0.00720034 0.0245178 0.26624
1 0.511948 0.287104 0.312586 0.227334 0.953838
1 0.20501 0.233663 0.33096 0.184618 0.917292
1 0.66148 0.064198 0.0325249 0.128124 0.867565
1 0.730239 0.0648852 0.0205933 0.122501 0.860851
2 0.386355 0.129511 0.0478127 0.0611352 0.859392
2 0.00972351 0.147763 0.019447 0.0532574 0.80046
0 0.583523 0.0649083 0.0226633 0.1295 0.787677
0 0.704422 0.0652067 0.0394318 0.1284 0.724782
0 0.548085 0.163966 0.0340732 0.0481094 0.674314
1 0.260007 0.133416 0.0825845 0.0279632 0.527135
1 0.681474 0.0628437 0.0169886 0.124855 0.34642
5 0.458657 0.0661571 0.00720034 0.0245178 0.26624
1 0.511948 0.287104 0.312586 0.227334 0.953838
1 0.20501 0.233663 0.33096 0.184618 0.917292
1 0.66148 0.064198 0.0325249 0.128124 0.867565
1 0.730239 0.0648852 0.0205933 0.122501 0.860851
2 0.386355 0.129511 0.0478127 0.0611352 0.859392
2 0.00972351 0.147763 0.019447 0.0532574 0.80046
0 0.583523 0.0649083 0.0226633 0.1295 0.787677
0 0.704422 0.0652067 0.0394318 0.1284 0.724782
0 0.548085 0.163966 0.0340732 0.0481094 0.674314
1 0.260007 0.133416 0.0825845 0.0279632 0.527135
1 0.681474 0.0628437 0.0169886 0.124855 0.34642
5 0.458657 0.0661571 0.00720034 0.0245178 0.26624
1 0.511948 0.287104 0.312586 0.227334 0.953838
1 0.20501 0.233663 0.33096 0.184618 0.917292
1 0.66148 0.064198 0.0325249 0.128124 0.867565
1 0.730239 0.0648852 0.0205933 0.122501 0.860851
2 0.386355 0.129511 0.0478127 0.0611352 0.859392
2 0.00972351 0.147763 0.019447 0.0532574 0.80046
0 0.583523 0.0649083 0.0226633 0.1295 0.787677
0 0.704422 0.0652067 0.0394318 0.1284 0.724782
0 0.548085 0.163966 0.0340732 0.0481094 0.674314
1 0.260007 0.133416 0.0825845 0.0279632 0.527135
1 0.681474 0.0628437 0.0169886 0.124855 0.34642
5 0.458657 0.0661571 0.00720034 0.0245178 0.26624
