1 0.425956 0.307445 0.210713 0.609816 0.970514
1 0.174288 0.47822 0.348576 0.956441 0.965453
1 0.228094 0.205016 0.185378 0.410031 0.945351
0 0.892914 0.242795 0.153183 0.184269 0.922788
0 0.596025 0.0886836 0.076511 0.175926 0.912454
1 0.61688 0.283002 0.225449 0.288724 0.878524
0 0.925107 0.252896 0.149786 0.505791 0.764076
0 0.538153 0.0753139 0.0268224 0.145645 0.686201
1 0.0460357 0.796409 0.0920069 0.317264 0.33514
1 0.425956 0.307445 0.210713 0.609816 0.970514
1 0.174288 0.47822 0.348576 0.956441 0.965453
1 0.228094 0.205016 0.185378 0.410031 0.945351
0 0.892914 0.242795 0.153183 0.184269 0.922788
0 0.596025 0.0886836 0.076511 0.175926 0.912454
1 0.61688 0.283002 0.225449 0.288724 0.878524
0 0.925107 0.252896 0.149786 0.505791 0.764076
0 0.538153 0.0753139 0.0268224 0.145645 0.686201
1 0.0460357 0.796409 0.0920069 0.317264 0.33514
1 0.425956 0.307445 0.210713 0.609816 0.970514
1 0.174288 0.47822 0.348576 0.956441 0.965453
1 0.228094 0.205016 0.185378 0.410031 0.945351
0 0.892914 0.242795 0.153183 0.184269 0.922788
0 0.596025 0.0886836 0.076511 0.175926 0.912454
1 0.61688 0.283002 0.225449 0.288724 0.878524
0 0.925107 0.252896 0.149786 0.505791 0.764076
0 0.538153 0.0753139 0.0268224 0.145645 0.686201
1 0.0460357 0.796409 0.0920069 0.317264 0.33514
1 0.425956 0.307445 0.210713 0.609816 0.970514
1 0.174288 0.47822 0.348576 0.956441 0.965453
1 0.228094 0.205016 0.185378 0.410031 0.945351
0 0.892914 0.242795 0.153183 0.184269 0.922788
0 0.596025 0.0886836 0.076511 0.175926 0.912454
1 0.61688 0.283002 0.225449 0.288724 0.878524
0 0.925107 0.252896 0.149786 0.505791 0.764076
0 0.538153 0.0753139 0.0268224 0.145645 0.686201
1 0.0460357 0.796409 0.0920069 0.317264 0.33514
