1 0.566742 0.388407 0.324243 0.771195 0.985836
1 0.837905 0.287255 0.32419 0.571361 0.974089
1 0.898895 0.688833 0.201809 0.466715 0.893572
0 0.77854 0.0587727 0.0681786 0.116133 0.885004
1 0.566742 0.388407 0.324243 0.771195 0.985836
1 0.837905 0.287255 0.32419 0.571361 0.974089
1 0.898895 0.688833 0.201809 0.466715 0.893572
0 0.77854 0.0587727 0.0681786 0.116133 0.885004
1 0.566742 0.388407 0.324243 0.771195 0.985836
1 0.837905 0.287255 0.32419 0.571361 0.974089
1 0.898895 0.688833 0.201809 0.466715 0.893572
0 0.77854 0.0587727 0.0681786 0.116133 0.885004
1 0.566742 0.388407 0.324243 0.771195 0.985836
1 0.837905 0.287255 0.32419 0.571361 0.974089
1 0.898895 0.688833 0.201809 0.466715 0.893572
0 0.77854 0.0587727 0.0681786 0.116133 0.885004
