0 0.205347 0.541403 0.201531 0.300621 0.936374
0 0.534169 0.547653 0.0527906 0.346047 0.930329
0 0.12245 0.695277 0.242776 0.230389 0.891833
0 0.205347 0.541403 0.201531 0.300621 0.936374
0 0.534169 0.547653 0.0527906 0.346047 0.930329
0 0.12245 0.695277 0.242776 0.230389 0.891833
0 0.205347 0.541403 0.201531 0.300621 0.936374
0 0.534169 0.547653 0.0527906 0.346047 0.930329
0 0.12245 0.695277 0.242776 0.230389 0.891833
0 0.205347 0.541403 0.201531 0.300621 0.936374
0 0.534169 0.547653 0.0527906 0.346047 0.930329
0 0.12245 0.695277 0.242776 0.230389 0.891833
