1 0.515708 0.105866 0.115459 0.209979 0.952563
2 0.639256 0.236958 0.158837 0.299389 0.922237
0 0.600871 0.758714 0.24084 0.39171 0.921119
1 0.78134 0.111527 0.198036 0.221461 0.850201
0 0.742159 0.318177 0.329694 0.550827 0.827461
0 0.0802858 0.328678 0.16039 0.436983 0.652417
0 0.856073 0.148947 0.117217 0.244537 0.29307
1 0.515708 0.105866 0.115459 0.209979 0.952563
2 0.639256 0.236958 0.158837 0.299389 0.922237
0 0.600871 0.758714 0.24084 0.39171 0.921119
1 0.78134 0.111527 0.198036 0.221461 0.850201
0 0.742159 0.318177 0.329694 0.550827 0.827461
0 0.0802858 0.328678 0.16039 0.436983 0.652417
0 0.856073 0.148947 0.117217 0.244537 0.29307
