0 0.268317 0.605199 0.536634 0.396222 0.956648
2 0.587559 0.370529 0.0585449 0.0966572 0.883791
1 0.821803 0.357288 0.0869755 0.0365677 0.813537
5 0.934353 0.280139 0.0158873 0.037884 0.79714
0 0.649573 0.349562 0.0286287 0.0219223 0.780149
4 0.492958 0.230524 0.0140194 0.0486619 0.721499
2 0.388903 0.353018 0.0288803 0.0334286 0.692935
6 0.421188 0.362801 0.034243 0.0301672 0.520954
4 0.259885 0.205756 0.0190879 0.0559947 0.421306
2 0.420318 0.361071 0.0357436 0.0320612 0.313847
1 0.48497 0.34767 0.0319189 0.02584 0.309292
2 0.405455 0.354355 0.0613036 0.0386264 0.304767
0 0.268317 0.605199 0.536634 0.396222 0.956648
2 0.587559 0.370529 0.0585449 0.0966572 0.883791
1 0.821803 0.357288 0.0869755 0.0365677 0.813537
5 0.934353 0.280139 0.0158873 0.037884 0.79714
0 0.649573 0.349562 0.0286287 0.0219223 0.780149
4 0.492958 0.230524 0.0140194 0.0486619 0.721499
2 0.388903 0.353018 0.0288803 0.0334286 0.692935
6 0.421188 0.362801 0.034243 0.0301672 0.520954
4 0.259885 0.205756 0.0190879 0.0559947 0.421306
2 0.420318 0.361071 0.0357436 0.0320612 0.313847
1 0.48497 0.34767 0.0319189 0.02584 0.309292
2 0.405455 0.354355 0.0613036 0.0386264 0.304767
