1 0.566718 0.271481 0.167935 0.21864 0.965565
1 0.26114 0.610279 0.522279 0.346021 0.934522
0 0.468347 0.0861829 0.0241316 0.0482304 0.68036
2 0.484316 0.0557532 0.0470897 0.0528068 0.636158
0 0.270991 0.0618867 0.0422541 0.0349291 0.476321
1 0.566718 0.271481 0.167935 0.21864 0.965565
1 0.26114 0.610279 0.522279 0.346021 0.934522
0 0.468347 0.0861829 0.0241316 0.0482304 0.68036
2 0.484316 0.0557532 0.0470897 0.0528068 0.636158
0 0.270991 0.0618867 0.0422541 0.0349291 0.476321
1 0.566718 0.271481 0.167935 0.21864 0.965565
1 0.26114 0.610279 0.522279 0.346021 0.934522
0 0.468347 0.0861829 0.0241316 0.0482304 0.68036
2 0.484316 0.0557532 0.0470897 0.0528068 0.636158
0 0.270991 0.0618867 0.0422541 0.0349291 0.476321
