1 0.393743 0.78894 0.461861 0.419886 0.966628
6 0.607732 0.535073 0.121551 0.0895535 0.866425
0 0.0925173 0.383152 0.0610339 0.0263682 0.815731
0 0.392968 0.417901 0.0358964 0.0257138 0.715592
2 0.235802 0.398324 0.031209 0.0297067 0.588605
5 0.428986 0.24611 0.0119371 0.0263898 0.42555
1 0.393743 0.78894 0.461861 0.419886 0.966628
6 0.607732 0.535073 0.121551 0.0895535 0.866425
0 0.0925173 0.383152 0.0610339 0.0263682 0.815731
0 0.392968 0.417901 0.0358964 0.0257138 0.715592
2 0.235802 0.398324 0.031209 0.0297067 0.588605
5 0.428986 0.24611 0.0119371 0.0263898 0.42555
