2 0.242675 0.317946 0.154085 0.151605 0.94374
0 0.428635 0.188198 0.0854724 0.374689 0.935632
0 0.67909 0.145685 0.0743048 0.291371 0.93029
1 0.569524 0.104683 0.0501442 0.204118 0.911867
1 0.485888 0.119987 0.0607359 0.236107 0.877816
0 0.635087 0.138356 0.0354382 0.241721 0.78558
4 0.0830684 0.0268944 0.0481366 0.0457689 0.481582
2 0.242675 0.317946 0.154085 0.151605 0.94374
0 0.428635 0.188198 0.0854724 0.374689 0.935632
0 0.67909 0.145685 0.0743048 0.291371 0.93029
1 0.569524 0.104683 0.0501442 0.204118 0.911867
1 0.485888 0.119987 0.0607359 0.236107 0.877816
0 0.635087 0.138356 0.0354382 0.241721 0.78558
4 0.0830684 0.0268944 0.0481366 0.0457689 0.481582
