1 0.423263 0.357883 0.262141 0.714587 0.976863
1 0.68681 0.29516 0.262451 0.585425 0.969686
0 0.558731 0.0697689 0.0444435 0.137835 0.911929
1 0.969317 0.178469 0.0613654 0.102553 0.866038
0 0.823624 0.117649 0.120984 0.231571 0.860397
6 0.878761 0.222426 0.111475 0.140027 0.810491
1 0.423263 0.357883 0.262141 0.714587 0.976863
1 0.68681 0.29516 0.262451 0.585425 0.969686
0 0.558731 0.0697689 0.0444435 0.137835 0.911929
1 0.969317 0.178469 0.0613654 0.102553 0.866038
0 0.823624 0.117649 0.120984 0.231571 0.860397
6 0.878761 0.222426 0.111475 0.140027 0.810491
