4 0.0452195 0.356054 0.021836 0.0481212 0.803765
0 0.348001 0.49587 0.0175394 0.0885077 0.710708
3 0.732939 0.354995 0.0128427 0.0363244 0.653846
1 0.414483 0.475402 0.0188698 0.0996901 0.567356
6 0.516124 0.568297 0.0945457 0.165251 0.53343
1 0.515841 0.568918 0.0952395 0.164874 0.469997
3 0.141822 0.351638 0.00951548 0.0181142 0.365936
1 0.14669 0.486463 0.0404975 0.0217545 0.346152
1 0.0747498 0.491104 0.020206 0.0159675 0.330074
4 0.0452195 0.356054 0.021836 0.0481212 0.803765
0 0.348001 0.49587 0.0175394 0.0885077 0.710708
3 0.732939 0.354995 0.0128427 0.0363244 0.653846
1 0.414483 0.475402 0.0188698 0.0996901 0.567356
6 0.516124 0.568297 0.0945457 0.165251 0.53343
1 0.515841 0.568918 0.0952395 0.164874 0.469997
3 0.141822 0.351638 0.00951548 0.0181142 0.365936
1 0.14669 0.486463 0.0404975 0.0217545 0.346152
1 0.0747498 0.491104 0.020206 0.0159675 0.330074
4 0.0452195 0.356054 0.021836 0.0481212 0.803765
0 0.348001 0.49587 0.0175394 0.0885077 0.710708
3 0.732939 0.354995 0.0128427 0.0363244 0.653846
1 0.414483 0.475402 0.0188698 0.0996901 0.567356
6 0.516124 0.568297 0.0945457 0.165251 0.53343
1 0.515841 0.568918 0.0952395 0.164874 0.469997
3 0.141822 0.351638 0.00951548 0.0181142 0.365936
1 0.14669 0.486463 0.0404975 0.0217545 0.346152
1 0.0747498 0.491104 0.020206 0.0159675 0.330074
4 0.0452195 0.356054 0.021836 0.0481212 0.803765
0 0.348001 0.49587 0.0175394 0.0885077 0.710708
3 0.732939 0.354995 0.0128427 0.0363244 0.653846
1 0.414483 0.475402 0.0188698 0.0996901 0.567356
6 0.516124 0.568297 0.0945457 0.165251 0.53343
1 0.515841 0.568918 0.0952395 0.164874 0.469997
3 0.141822 0.351638 0.00951548 0.0181142 0.365936
1 0.14669 0.486463 0.0404975 0.0217545 0.346152
1 0.0747498 0.491104 0.020206 0.0159675 0.330074
