0 0.572554 0.655009 0.127905 0.633193 0.885198
0 0.0711373 0.25016 0.142275 0.239105 0.848712
0 0.0815189 0.0698171 0.163038 0.136086 0.687339
1 0.0810644 0.0678398 0.162129 0.135182 0.250141
0 0.572554 0.655009 0.127905 0.633193 0.885198
0 0.0711373 0.25016 0.142275 0.239105 0.848712
0 0.0815189 0.0698171 0.163038 0.136086 0.687339
1 0.0810644 0.0678398 0.162129 0.135182 0.250141
0 0.572554 0.655009 0.127905 0.633193 0.885198
0 0.0711373 0.25016 0.142275 0.239105 0.848712
0 0.0815189 0.0698171 0.163038 0.136086 0.687339
1 0.0810644 0.0678398 0.162129 0.135182 0.250141
0 0.572554 0.655009 0.127905 0.633193 0.885198
0 0.0711373 0.25016 0.142275 0.239105 0.848712
0 0.0815189 0.0698171 0.163038 0.136086 0.687339
1 0.0810644 0.0678398 0.162129 0.135182 0.250141
