0 0.100715 0.188037 0.142888 0.373769 0.962797
0 0.56555 0.22276 0.120728 0.445482 0.96008
0 0.225638 0.176043 0.105766 0.348592 0.933998
1 0.900382 0.275835 0.16422 0.0766161 0.885111
0 0.715734 0.360305 0.0901152 0.118363 0.87912
0 0.920486 0.373434 0.145653 0.0967161 0.76955
6 0.29469 0.260364 0.0449709 0.0490667 0.34777
0 0.100715 0.188037 0.142888 0.373769 0.962797
0 0.56555 0.22276 0.120728 0.445482 0.96008
0 0.225638 0.176043 0.105766 0.348592 0.933998
1 0.900382 0.275835 0.16422 0.0766161 0.885111
0 0.715734 0.360305 0.0901152 0.118363 0.87912
0 0.920486 0.373434 0.145653 0.0967161 0.76955
6 0.29469 0.260364 0.0449709 0.0490667 0.34777
