0 0.491353 0.6921 0.153041 0.274952 0.973147
6 0.113071 0.672373 0.191848 0.166484 0.915604
3 0.280578 0.197803 0.026175 0.0552422 0.899877
5 0.237709 0.126136 0.0359016 0.0945766 0.871938
0 0.491353 0.6921 0.153041 0.274952 0.973147
6 0.113071 0.672373 0.191848 0.166484 0.915604
3 0.280578 0.197803 0.026175 0.0552422 0.899877
5 0.237709 0.126136 0.0359016 0.0945766 0.871938
0 0.491353 0.6921 0.153041 0.274952 0.973147
6 0.113071 0.672373 0.191848 0.166484 0.915604
3 0.280578 0.197803 0.026175 0.0552422 0.899877
5 0.237709 0.126136 0.0359016 0.0945766 0.871938
0 0.491353 0.6921 0.153041 0.274952 0.973147
6 0.113071 0.672373 0.191848 0.166484 0.915604
3 0.280578 0.197803 0.026175 0.0552422 0.899877
5 0.237709 0.126136 0.0359016 0.0945766 0.871938
