2 0.0580512 0.190808 0.116102 0.135274 0.956211
1 0.790666 0.129974 0.109603 0.257398 0.95477
1 0.662107 0.139058 0.0943874 0.278116 0.946868
0 0.520388 0.233902 0.0964338 0.455588 0.946619
0 0.920418 0.234849 0.159163 0.469699 0.944826
1 0.605798 0.109255 0.056537 0.218511 0.727516
0 0.875022 0.192958 0.124451 0.385233 0.676279
1 0.573849 0.0979941 0.031923 0.193058 0.37945
2 0.0580512 0.190808 0.116102 0.135274 0.956211
1 0.790666 0.129974 0.109603 0.257398 0.95477
1 0.662107 0.139058 0.0943874 0.278116 0.946868
0 0.520388 0.233902 0.0964338 0.455588 0.946619
0 0.920418 0.234849 0.159163 0.469699 0.944826
1 0.605798 0.109255 0.056537 0.218511 0.727516
0 0.875022 0.192958 0.124451 0.385233 0.676279
1 0.573849 0.0979941 0.031923 0.193058 0.37945
2 0.0580512 0.190808 0.116102 0.135274 0.956211
1 0.790666 0.129974 0.109603 0.257398 0.95477
1 0.662107 0.139058 0.0943874 0.278116 0.946868
0 0.520388 0.233902 0.0964338 0.455588 0.946619
0 0.920418 0.234849 0.159163 0.469699 0.944826
1 0.605798 0.109255 0.056537 0.218511 0.727516
0 0.875022 0.192958 0.124451 0.385233 0.676279
1 0.573849 0.0979941 0.031923 0.193058 0.37945
2 0.0580512 0.190808 0.116102 0.135274 0.956211
1 0.790666 0.129974 0.109603 0.257398 0.95477
1 0.662107 0.139058 0.0943874 0.278116 0.946868
0 0.520388 0.233902 0.0964338 0.455588 0.946619
0 0.920418 0.234849 0.159163 0.469699 0.944826
1 0.605798 0.109255 0.056537 0.218511 0.727516
0 0.875022 0.192958 0.124451 0.385233 0.676279
1 0.573849 0.0979941 0.031923 0.193058 0.37945
