0 0.385036 0.464172 0.0867946 0.568377 0.938561
0 0.516365 0.410085 0.101696 0.678477 0.927985
2 0.690383 0.597638 0.0426359 0.0263607 0.275994
0 0.385036 0.464172 0.0867946 0.568377 0.938561
0 0.516365 0.410085 0.101696 0.678477 0.927985
2 0.690383 0.597638 0.0426359 0.0263607 0.275994
0 0.385036 0.464172 0.0867946 0.568377 0.938561
0 0.516365 0.410085 0.101696 0.678477 0.927985
2 0.690383 0.597638 0.0426359 0.0263607 0.275994
0 0.385036 0.464172 0.0867946 0.568377 0.938561
0 0.516365 0.410085 0.101696 0.678477 0.927985
2 0.690383 0.597638 0.0426359 0.0263607 0.275994
