0 0.84669 0.446424 0.203229 0.0742066 0.871484
0 0.613006 0.459094 0.370116 0.163282 0.851576
2 0.400908 0.435009 0.103781 0.100652 0.71309
2 0.061381 0.373734 0.122613 0.0871255 0.701344
0 0.84669 0.446424 0.203229 0.0742066 0.871484
0 0.613006 0.459094 0.370116 0.163282 0.851576
2 0.400908 0.435009 0.103781 0.100652 0.71309
2 0.061381 0.373734 0.122613 0.0871255 0.701344
0 0.84669 0.446424 0.203229 0.0742066 0.871484
0 0.613006 0.459094 0.370116 0.163282 0.851576
2 0.400908 0.435009 0.103781 0.100652 0.71309
2 0.061381 0.373734 0.122613 0.0871255 0.701344
0 0.84669 0.446424 0.203229 0.0742066 0.871484
0 0.613006 0.459094 0.370116 0.163282 0.851576
2 0.400908 0.435009 0.103781 0.100652 0.71309
2 0.061381 0.373734 0.122613 0.0871255 0.701344
