1 0.506523 0.262109 0.137759 0.524219 0.96758
1 0.734414 0.232368 0.227432 0.464736 0.954367
1 0.760974 0.557934 0.390604 0.702691 0.951217
0 0.378931 0.0467988 0.0371532 0.091564 0.839457
1 0.905877 0.221843 0.186349 0.443686 0.444213
1 0.506523 0.262109 0.137759 0.524219 0.96758
1 0.734414 0.232368 0.227432 0.464736 0.954367
1 0.760974 0.557934 0.390604 0.702691 0.951217
0 0.378931 0.0467988 0.0371532 0.091564 0.839457
1 0.905877 0.221843 0.186349 0.443686 0.444213
1 0.506523 0.262109 0.137759 0.524219 0.96758
1 0.734414 0.232368 0.227432 0.464736 0.954367
1 0.760974 0.557934 0.390604 0.702691 0.951217
0 0.378931 0.0467988 0.0371532 0.091564 0.839457
1 0.905877 0.221843 0.186349 0.443686 0.444213
1 0.506523 0.262109 0.137759 0.524219 0.96758
1 0.734414 0.232368 0.227432 0.464736 0.954367
1 0.760974 0.557934 0.390604 0.702691 0.951217
0 0.378931 0.0467988 0.0371532 0.091564 0.839457
1 0.905877 0.221843 0.186349 0.443686 0.444213
