0 0.950737 0.523472 0.0965628 0.0517929 0.890538
1 0.686404 0.543569 0.0750701 0.0858571 0.877689
6 0.551529 0.537261 0.0958317 0.133196 0.857934
5 0.680998 0.291923 0.0136213 0.0402282 0.792955
4 0.947484 0.289784 0.0445946 0.0983646 0.702108
6 0.928951 0.833636 0.0309101 0.0365958 0.298695
0 0.950737 0.523472 0.0965628 0.0517929 0.890538
1 0.686404 0.543569 0.0750701 0.0858571 0.877689
6 0.551529 0.537261 0.0958317 0.133196 0.857934
5 0.680998 0.291923 0.0136213 0.0402282 0.792955
4 0.947484 0.289784 0.0445946 0.0983646 0.702108
6 0.928951 0.833636 0.0309101 0.0365958 0.298695
0 0.950737 0.523472 0.0965628 0.0517929 0.890538
1 0.686404 0.543569 0.0750701 0.0858571 0.877689
6 0.551529 0.537261 0.0958317 0.133196 0.857934
5 0.680998 0.291923 0.0136213 0.0402282 0.792955
4 0.947484 0.289784 0.0445946 0.0983646 0.702108
6 0.928951 0.833636 0.0309101 0.0365958 0.298695
0 0.950737 0.523472 0.0965628 0.0517929 0.890538
1 0.686404 0.543569 0.0750701 0.0858571 0.877689
6 0.551529 0.537261 0.0958317 0.133196 0.857934
5 0.680998 0.291923 0.0136213 0.0402282 0.792955
4 0.947484 0.289784 0.0445946 0.0983646 0.702108
6 0.928951 0.833636 0.0309101 0.0365958 0.298695
