1 0.520467 0.399053 0.0950479 0.278993 0.963005
1 0.128842 0.0988022 0.0247727 0.103522 0.845906
1 0.169325 0.101288 0.0233074 0.0972331 0.704117
0 0.331204 0.159509 0.0216682 0.0148424 0.697077
2 0.5836 0.174012 0.0329338 0.0309901 0.693692
1 0.15793 0.101102 0.0210956 0.0999618 0.687344
1 0.145712 0.0988076 0.0156763 0.100711 0.585792
0 0.191897 0.115052 0.0169511 0.0651434 0.557296
0 0.224554 0.110973 0.0151816 0.0745637 0.435397
2 0.393438 0.153831 0.0235232 0.0183072 0.385772
2 0.435487 0.1624 0.020126 0.0254929 0.375425
6 0.22196 0.159322 0.0248272 0.0273621 0.331287
0 0.327298 0.162028 0.0375946 0.0175623 0.25491
1 0.520467 0.399053 0.0950479 0.278993 0.963005
1 0.128842 0.0988022 0.0247727 0.103522 0.845906
1 0.169325 0.101288 0.0233074 0.0972331 0.704117
0 0.331204 0.159509 0.0216682 0.0148424 0.697077
2 0.5836 0.174012 0.0329338 0.0309901 0.693692
1 0.15793 0.101102 0.0210956 0.0999618 0.687344
1 0.145712 0.0988076 0.0156763 0.100711 0.585792
0 0.191897 0.115052 0.0169511 0.0651434 0.557296
0 0.224554 0.110973 0.0151816 0.0745637 0.435397
2 0.393438 0.153831 0.0235232 0.0183072 0.385772
2 0.435487 0.1624 0.020126 0.0254929 0.375425
6 0.22196 0.159322 0.0248272 0.0273621 0.331287
0 0.327298 0.162028 0.0375946 0.0175623 0.25491
1 0.520467 0.399053 0.0950479 0.278993 0.963005
1 0.128842 0.0988022 0.0247727 0.103522 0.845906
1 0.169325 0.101288 0.0233074 0.0972331 0.704117
0 0.331204 0.159509 0.0216682 0.0148424 0.697077
2 0.5836 0.174012 0.0329338 0.0309901 0.693692
1 0.15793 0.101102 0.0210956 0.0999618 0.687344
1 0.145712 0.0988076 0.0156763 0.100711 0.585792
0 0.191897 0.115052 0.0169511 0.0651434 0.557296
0 0.224554 0.110973 0.0151816 0.0745637 0.435397
2 0.393438 0.153831 0.0235232 0.0183072 0.385772
2 0.435487 0.1624 0.020126 0.0254929 0.375425
6 0.22196 0.159322 0.0248272 0.0273621 0.331287
0 0.327298 0.162028 0.0375946 0.0175623 0.25491
1 0.520467 0.399053 0.0950479 0.278993 0.963005
1 0.128842 0.0988022 0.0247727 0.103522 0.845906
1 0.169325 0.101288 0.0233074 0.0972331 0.704117
0 0.331204 0.159509 0.0216682 0.0148424 0.697077
2 0.5836 0.174012 0.0329338 0.0309901 0.693692
1 0.15793 0.101102 0.0210956 0.0999618 0.687344
1 0.145712 0.0988076 0.0156763 0.100711 0.585792
0 0.191897 0.115052 0.0169511 0.0651434 0.557296
0 0.224554 0.110973 0.0151816 0.0745637 0.435397
2 0.393438 0.153831 0.0235232 0.0183072 0.385772
2 0.435487 0.1624 0.020126 0.0254929 0.375425
6 0.22196 0.159322 0.0248272 0.0273621 0.331287
0 0.327298 0.162028 0.0375946 0.0175623 0.25491
