1 0.494661 0.59719 0.118725 0.274503 0.977403
3 0.258538 0.106272 0.0224087 0.0524598 0.772907
5 0.278809 0.0950886 0.0389457 0.0755948 0.654963
4 0.0109732 0.205332 0.0219464 0.113015 0.38635
1 0.494661 0.59719 0.118725 0.274503 0.977403
3 0.258538 0.106272 0.0224087 0.0524598 0.772907
5 0.278809 0.0950886 0.0389457 0.0755948 0.654963
4 0.0109732 0.205332 0.0219464 0.113015 0.38635
1 0.494661 0.59719 0.118725 0.274503 0.977403
3 0.258538 0.106272 0.0224087 0.0524598 0.772907
5 0.278809 0.0950886 0.0389457 0.0755948 0.654963
4 0.0109732 0.205332 0.0219464 0.113015 0.38635
1 0.494661 0.59719 0.118725 0.274503 0.977403
3 0.258538 0.106272 0.0224087 0.0524598 0.772907
5 0.278809 0.0950886 0.0389457 0.0755948 0.654963
4 0.0109732 0.205332 0.0219464 0.113015 0.38635
