0 0.355355 0.457047 0.26142 0.144964 0.920982
5 0.467457 0.126482 0.0172749 0.0445202 0.787914
4 0.269964 0.126721 0.038838 0.0791026 0.669103
5 0.459976 0.127565 0.0239319 0.040086 0.312575
0 0.355355 0.457047 0.26142 0.144964 0.920982
5 0.467457 0.126482 0.0172749 0.0445202 0.787914
4 0.269964 0.126721 0.038838 0.0791026 0.669103
5 0.459976 0.127565 0.0239319 0.040086 0.312575
0 0.355355 0.457047 0.26142 0.144964 0.920982
5 0.467457 0.126482 0.0172749 0.0445202 0.787914
4 0.269964 0.126721 0.038838 0.0791026 0.669103
5 0.459976 0.127565 0.0239319 0.040086 0.312575
0 0.355355 0.457047 0.26142 0.144964 0.920982
5 0.467457 0.126482 0.0172749 0.0445202 0.787914
4 0.269964 0.126721 0.038838 0.0791026 0.669103
5 0.459976 0.127565 0.0239319 0.040086 0.312575
