1 0.413494 0.451591 0.191091 0.842536 0.96639
1 0.786279 0.401212 0.191358 0.79481 0.959354
1 0.618949 0.535866 0.239116 0.928267 0.95393
2 0.868402 0.84624 0.261603 0.30752 0.892781
1 0.469324 0.318591 0.115757 0.630191 0.56483
1 0.413494 0.451591 0.191091 0.842536 0.96639
1 0.786279 0.401212 0.191358 0.79481 0.959354
1 0.618949 0.535866 0.239116 0.928267 0.95393
2 0.868402 0.84624 0.261603 0.30752 0.892781
1 0.469324 0.318591 0.115757 0.630191 0.56483
1 0.413494 0.451591 0.191091 0.842536 0.96639
1 0.786279 0.401212 0.191358 0.79481 0.959354
1 0.618949 0.535866 0.239116 0.928267 0.95393
2 0.868402 0.84624 0.261603 0.30752 0.892781
1 0.469324 0.318591 0.115757 0.630191 0.56483
1 0.413494 0.451591 0.191091 0.842536 0.96639
1 0.786279 0.401212 0.191358 0.79481 0.959354
1 0.618949 0.535866 0.239116 0.928267 0.95393
2 0.868402 0.84624 0.261603 0.30752 0.892781
1 0.469324 0.318591 0.115757 0.630191 0.56483
