3 0.501288 0.825252 0.0447902 0.247128 0.919121
5 0.495718 0.465336 0.0490496 0.335999 0.857786
6 0.881468 0.577718 0.0243258 0.0533961 0.313798
3 0.501288 0.825252 0.0447902 0.247128 0.919121
5 0.495718 0.465336 0.0490496 0.335999 0.857786
6 0.881468 0.577718 0.0243258 0.0533961 0.313798
3 0.501288 0.825252 0.0447902 0.247128 0.919121
5 0.495718 0.465336 0.0490496 0.335999 0.857786
6 0.881468 0.577718 0.0243258 0.0533961 0.313798
3 0.501288 0.825252 0.0447902 0.247128 0.919121
5 0.495718 0.465336 0.0490496 0.335999 0.857786
6 0.881468 0.577718 0.0243258 0.0533961 0.313798
