3 0.490166 0.628164 0.0357348 0.188531 0.876337
0 0.106988 0.133068 0.0491053 0.0288891 0.817246
6 0.0312099 0.117736 0.0389826 0.0432759 0.683128
6 0.0560105 0.173159 0.0395537 0.035826 0.617084
3 0.490166 0.628164 0.0357348 0.188531 0.876337
0 0.106988 0.133068 0.0491053 0.0288891 0.817246
6 0.0312099 0.117736 0.0389826 0.0432759 0.683128
6 0.0560105 0.173159 0.0395537 0.035826 0.617084
3 0.490166 0.628164 0.0357348 0.188531 0.876337
0 0.106988 0.133068 0.0491053 0.0288891 0.817246
6 0.0312099 0.117736 0.0389826 0.0432759 0.683128
6 0.0560105 0.173159 0.0395537 0.035826 0.617084
3 0.490166 0.628164 0.0357348 0.188531 0.876337
0 0.106988 0.133068 0.0491053 0.0288891 0.817246
6 0.0312099 0.117736 0.0389826 0.0432759 0.683128
6 0.0560105 0.173159 0.0395537 0.035826 0.617084
