1 0.208323 0.604627 0.35083 0.212652 0.955222
0 0.695308 0.632193 0.263726 0.25016 0.916369
1 0.164895 0.425735 0.0398891 0.0568008 0.900383
5 0.389021 0.260026 0.0174131 0.0562129 0.825211
4 0.743343 0.147251 0.0507929 0.176832 0.765422
1 0.208323 0.604627 0.35083 0.212652 0.955222
0 0.695308 0.632193 0.263726 0.25016 0.916369
1 0.164895 0.425735 0.0398891 0.0568008 0.900383
5 0.389021 0.260026 0.0174131 0.0562129 0.825211
4 0.743343 0.147251 0.0507929 0.176832 0.765422
1 0.208323 0.604627 0.35083 0.212652 0.955222
0 0.695308 0.632193 0.263726 0.25016 0.916369
1 0.164895 0.425735 0.0398891 0.0568008 0.900383
5 0.389021 0.260026 0.0174131 0.0562129 0.825211
4 0.743343 0.147251 0.0507929 0.176832 0.765422
1 0.208323 0.604627 0.35083 0.212652 0.955222
0 0.695308 0.632193 0.263726 0.25016 0.916369
1 0.164895 0.425735 0.0398891 0.0568008 0.900383
5 0.389021 0.260026 0.0174131 0.0562129 0.825211
4 0.743343 0.147251 0.0507929 0.176832 0.765422
