0 0.573464 0.214698 0.161148 0.429396 0.890824
1 0.721054 0.493445 0.557892 0.983824 0.871035
1 0.843435 0.643672 0.312614 0.397552 0.264953
0 0.573464 0.214698 0.161148 0.429396 0.890824
1 0.721054 0.493445 0.557892 0.983824 0.871035
1 0.843435 0.643672 0.312614 0.397552 0.264953
0 0.573464 0.214698 0.161148 0.429396 0.890824
1 0.721054 0.493445 0.557892 0.983824 0.871035
1 0.843435 0.643672 0.312614 0.397552 0.264953
0 0.573464 0.214698 0.161148 0.429396 0.890824
1 0.721054 0.493445 0.557892 0.983824 0.871035
1 0.843435 0.643672 0.312614 0.397552 0.264953
