1 0.72877 0.470636 0.431733 0.939079 0.903931
1 0.873457 0.372853 0.253086 0.745707 0.86357
1 0.484716 0.282511 0.145945 0.565022 0.747897
1 0.72877 0.470636 0.431733 0.939079 0.903931
1 0.873457 0.372853 0.253086 0.745707 0.86357
1 0.484716 0.282511 0.145945 0.565022 0.747897
1 0.72877 0.470636 0.431733 0.939079 0.903931
1 0.873457 0.372853 0.253086 0.745707 0.86357
1 0.484716 0.282511 0.145945 0.565022 0.747897
1 0.72877 0.470636 0.431733 0.939079 0.903931
1 0.873457 0.372853 0.253086 0.745707 0.86357
1 0.484716 0.282511 0.145945 0.565022 0.747897
