1 0.559388 0.12042 0.117985 0.236187 0.972284
1 0.404157 0.0859891 0.100478 0.171978 0.928766
1 0.659715 0.0710554 0.103256 0.139346 0.915088
0 0.959971 0.104623 0.0800266 0.209247 0.872834
1 0.559388 0.12042 0.117985 0.236187 0.972284
1 0.404157 0.0859891 0.100478 0.171978 0.928766
1 0.659715 0.0710554 0.103256 0.139346 0.915088
0 0.959971 0.104623 0.0800266 0.209247 0.872834
1 0.559388 0.12042 0.117985 0.236187 0.972284
1 0.404157 0.0859891 0.100478 0.171978 0.928766
1 0.659715 0.0710554 0.103256 0.139346 0.915088
0 0.959971 0.104623 0.0800266 0.209247 0.872834
1 0.559388 0.12042 0.117985 0.236187 0.972284
1 0.404157 0.0859891 0.100478 0.171978 0.928766
1 0.659715 0.0710554 0.103256 0.139346 0.915088
0 0.959971 0.104623 0.0800266 0.209247 0.872834
