1 0.366755 0.774936 0.618775 0.450128 0.787762
1 0.160291 0.788985 0.320057 0.42203 0.710514
5 0.126872 0.255757 0.0171376 0.0400823 0.66964
2 0.14996 0.48051 0.0744379 0.0494181 0.644525
2 0.615635 0.552792 0.080435 0.100721 0.600597
6 0.367914 0.542822 0.0770665 0.0560903 0.368864
1 0.366755 0.774936 0.618775 0.450128 0.787762
1 0.160291 0.788985 0.320057 0.42203 0.710514
5 0.126872 0.255757 0.0171376 0.0400823 0.66964
2 0.14996 0.48051 0.0744379 0.0494181 0.644525
2 0.615635 0.552792 0.080435 0.100721 0.600597
6 0.367914 0.542822 0.0770665 0.0560903 0.368864
