1 0.615716 0.460432 0.303738 0.913799 0.965486
1 0.219853 0.502112 0.439461 0.984444 0.943522
0 0.342567 0.153355 0.0986913 0.303901 0.928976
0 0.393983 0.114012 0.0510587 0.224401 0.869629
1 0.488174 0.284404 0.112554 0.568807 0.714487
1 0.456553 0.284985 0.0472857 0.56997 0.534173
1 0.042211 0.292425 0.0759404 0.109771 0.250708
1 0.615716 0.460432 0.303738 0.913799 0.965486
1 0.219853 0.502112 0.439461 0.984444 0.943522
0 0.342567 0.153355 0.0986913 0.303901 0.928976
0 0.393983 0.114012 0.0510587 0.224401 0.869629
1 0.488174 0.284404 0.112554 0.568807 0.714487
1 0.456553 0.284985 0.0472857 0.56997 0.534173
1 0.042211 0.292425 0.0759404 0.109771 0.250708
1 0.615716 0.460432 0.303738 0.913799 0.965486
1 0.219853 0.502112 0.439461 0.984444 0.943522
0 0.342567 0.153355 0.0986913 0.303901 0.928976
0 0.393983 0.114012 0.0510587 0.224401 0.869629
1 0.488174 0.284404 0.112554 0.568807 0.714487
1 0.456553 0.284985 0.0472857 0.56997 0.534173
1 0.042211 0.292425 0.0759404 0.109771 0.250708
1 0.615716 0.460432 0.303738 0.913799 0.965486
1 0.219853 0.502112 0.439461 0.984444 0.943522
0 0.342567 0.153355 0.0986913 0.303901 0.928976
0 0.393983 0.114012 0.0510587 0.224401 0.869629
1 0.488174 0.284404 0.112554 0.568807 0.714487
1 0.456553 0.284985 0.0472857 0.56997 0.534173
1 0.042211 0.292425 0.0759404 0.109771 0.250708
