0 0.390126 0.37905 0.175796 0.756335 0.95979
1 0.574607 0.253884 0.0964868 0.507768 0.937723
2 0.200871 0.451907 0.0395012 0.0589556 0.9274
0 0.488036 0.322734 0.119412 0.645469 0.8976
0 0.0547532 0.386799 0.108595 0.657107 0.877719
1 0.527176 0.241009 0.0385132 0.395876 0.456558
1 0.515094 0.180796 0.0450997 0.260428 0.281233
0 0.390126 0.37905 0.175796 0.756335 0.95979
1 0.574607 0.253884 0.0964868 0.507768 0.937723
2 0.200871 0.451907 0.0395012 0.0589556 0.9274
0 0.488036 0.322734 0.119412 0.645469 0.8976
0 0.0547532 0.386799 0.108595 0.657107 0.877719
1 0.527176 0.241009 0.0385132 0.395876 0.456558
1 0.515094 0.180796 0.0450997 0.260428 0.281233
