2 0.294076 0.677146 0.15632 0.308885 0.95526
6 0.728766 0.444387 0.143221 0.0849512 0.823181
3 0.270748 0.222333 0.0126605 0.0204228 0.750362
0 0.675756 0.37448 0.0502989 0.0434202 0.673594
5 0.249056 0.172211 0.0215491 0.072045 0.616458
3 0.76693 0.243109 0.0107044 0.0272085 0.569807
2 0.294076 0.677146 0.15632 0.308885 0.95526
6 0.728766 0.444387 0.143221 0.0849512 0.823181
3 0.270748 0.222333 0.0126605 0.0204228 0.750362
0 0.675756 0.37448 0.0502989 0.0434202 0.673594
5 0.249056 0.172211 0.0215491 0.072045 0.616458
3 0.76693 0.243109 0.0107044 0.0272085 0.569807
2 0.294076 0.677146 0.15632 0.308885 0.95526
6 0.728766 0.444387 0.143221 0.0849512 0.823181
3 0.270748 0.222333 0.0126605 0.0204228 0.750362
0 0.675756 0.37448 0.0502989 0.0434202 0.673594
5 0.249056 0.172211 0.0215491 0.072045 0.616458
3 0.76693 0.243109 0.0107044 0.0272085 0.569807
2 0.294076 0.677146 0.15632 0.308885 0.95526
6 0.728766 0.444387 0.143221 0.0849512 0.823181
3 0.270748 0.222333 0.0126605 0.0204228 0.750362
0 0.675756 0.37448 0.0502989 0.0434202 0.673594
5 0.249056 0.172211 0.0215491 0.072045 0.616458
3 0.76693 0.243109 0.0107044 0.0272085 0.569807
