6 0.586775 0.53641 0.29763 0.272438 0.930681
1 0.854881 0.32141 0.248746 0.11429 0.917192
5 0.881103 0.142797 0.0313784 0.0704507 0.834643
6 0.586775 0.53641 0.29763 0.272438 0.930681
1 0.854881 0.32141 0.248746 0.11429 0.917192
5 0.881103 0.142797 0.0313784 0.0704507 0.834643
6 0.586775 0.53641 0.29763 0.272438 0.930681
1 0.854881 0.32141 0.248746 0.11429 0.917192
5 0.881103 0.142797 0.0313784 0.0704507 0.834643
6 0.586775 0.53641 0.29763 0.272438 0.930681
1 0.854881 0.32141 0.248746 0.11429 0.917192
5 0.881103 0.142797 0.0313784 0.0704507 0.834643
