2 0.671911 0.317221 0.130453 0.152927 0.957909
0 0.649325 0.649205 0.30337 0.167646 0.875194
2 0.252048 0.209876 0.0523507 0.123224 0.819262
2 0.671911 0.317221 0.130453 0.152927 0.957909
0 0.649325 0.649205 0.30337 0.167646 0.875194
2 0.252048 0.209876 0.0523507 0.123224 0.819262
2 0.671911 0.317221 0.130453 0.152927 0.957909
0 0.649325 0.649205 0.30337 0.167646 0.875194
2 0.252048 0.209876 0.0523507 0.123224 0.819262
2 0.671911 0.317221 0.130453 0.152927 0.957909
0 0.649325 0.649205 0.30337 0.167646 0.875194
2 0.252048 0.209876 0.0523507 0.123224 0.819262
