0 0.557176 0.694535 0.216465 0.398234 0.921928
1 0.94394 0.150408 0.112121 0.299429 0.911524
1 0.959601 0.0140718 0.0316853 0.0270166 0.395065
0 0.557176 0.694535 0.216465 0.398234 0.921928
1 0.94394 0.150408 0.112121 0.299429 0.911524
1 0.959601 0.0140718 0.0316853 0.0270166 0.395065
0 0.557176 0.694535 0.216465 0.398234 0.921928
1 0.94394 0.150408 0.112121 0.299429 0.911524
1 0.959601 0.0140718 0.0316853 0.0270166 0.395065
0 0.557176 0.694535 0.216465 0.398234 0.921928
1 0.94394 0.150408 0.112121 0.299429 0.911524
1 0.959601 0.0140718 0.0316853 0.0270166 0.395065
