0 0.408602 0.125268 0.0816509 0.242672 0.96636
0 0.651749 0.0971224 0.0935322 0.191659 0.942336
0 0.561015 0.146575 0.0990511 0.293149 0.940351
0 0.408602 0.125268 0.0816509 0.242672 0.96636
0 0.651749 0.0971224 0.0935322 0.191659 0.942336
0 0.561015 0.146575 0.0990511 0.293149 0.940351
0 0.408602 0.125268 0.0816509 0.242672 0.96636
0 0.651749 0.0971224 0.0935322 0.191659 0.942336
0 0.561015 0.146575 0.0990511 0.293149 0.940351
0 0.408602 0.125268 0.0816509 0.242672 0.96636
0 0.651749 0.0971224 0.0935322 0.191659 0.942336
0 0.561015 0.146575 0.0990511 0.293149 0.940351
