1 0.815655 0.48961 0.368689 0.560468 0.965599
1 0.501704 0.286708 0.174958 0.566626 0.965316
1 0.277035 0.883857 0.394422 0.231603 0.954945
1 0.714922 0.904816 0.354371 0.190368 0.932177
0 0.820138 0.142742 0.16476 0.285484 0.916677
0 0.742555 0.168171 0.165229 0.331198 0.719536
1 0.743038 0.169218 0.165601 0.338436 0.596826
1 0.815655 0.48961 0.368689 0.560468 0.965599
1 0.501704 0.286708 0.174958 0.566626 0.965316
1 0.277035 0.883857 0.394422 0.231603 0.954945
1 0.714922 0.904816 0.354371 0.190368 0.932177
0 0.820138 0.142742 0.16476 0.285484 0.916677
0 0.742555 0.168171 0.165229 0.331198 0.719536
1 0.743038 0.169218 0.165601 0.338436 0.596826
1 0.815655 0.48961 0.368689 0.560468 0.965599
1 0.501704 0.286708 0.174958 0.566626 0.965316
1 0.277035 0.883857 0.394422 0.231603 0.954945
1 0.714922 0.904816 0.354371 0.190368 0.932177
0 0.820138 0.142742 0.16476 0.285484 0.916677
0 0.742555 0.168171 0.165229 0.331198 0.719536
1 0.743038 0.169218 0.165601 0.338436 0.596826
1 0.815655 0.48961 0.368689 0.560468 0.965599
1 0.501704 0.286708 0.174958 0.566626 0.965316
1 0.277035 0.883857 0.394422 0.231603 0.954945
1 0.714922 0.904816 0.354371 0.190368 0.932177
0 0.820138 0.142742 0.16476 0.285484 0.916677
0 0.742555 0.168171 0.165229 0.331198 0.719536
1 0.743038 0.169218 0.165601 0.338436 0.596826
