2 0.48725 0.426054 0.0626118 0.0959808 0.915648
5 0.226682 0.244316 0.014143 0.0410158 0.88905
6 0.66605 0.4813 0.110199 0.128214 0.846392
2 0.256431 0.437109 0.05909 0.0668288 0.830908
4 0.432871 0.254951 0.0217945 0.068364 0.757099
0 0.0521232 0.446304 0.0438958 0.0472602 0.743232
0 0.759005 0.452971 0.0228486 0.0538194 0.540548
2 0.48725 0.426054 0.0626118 0.0959808 0.915648
5 0.226682 0.244316 0.014143 0.0410158 0.88905
6 0.66605 0.4813 0.110199 0.128214 0.846392
2 0.256431 0.437109 0.05909 0.0668288 0.830908
4 0.432871 0.254951 0.0217945 0.068364 0.757099
0 0.0521232 0.446304 0.0438958 0.0472602 0.743232
0 0.759005 0.452971 0.0228486 0.0538194 0.540548
2 0.48725 0.426054 0.0626118 0.0959808 0.915648
5 0.226682 0.244316 0.014143 0.0410158 0.88905
6 0.66605 0.4813 0.110199 0.128214 0.846392
2 0.256431 0.437109 0.05909 0.0668288 0.830908
4 0.432871 0.254951 0.0217945 0.068364 0.757099
0 0.0521232 0.446304 0.0438958 0.0472602 0.743232
0 0.759005 0.452971 0.0228486 0.0538194 0.540548
2 0.48725 0.426054 0.0626118 0.0959808 0.915648
5 0.226682 0.244316 0.014143 0.0410158 0.88905
6 0.66605 0.4813 0.110199 0.128214 0.846392
2 0.256431 0.437109 0.05909 0.0668288 0.830908
4 0.432871 0.254951 0.0217945 0.068364 0.757099
0 0.0521232 0.446304 0.0438958 0.0472602 0.743232
0 0.759005 0.452971 0.0228486 0.0538194 0.540548
