2 0.59147 0.30383 0.226553 0.290191 0.960306
6 0.797932 0.334198 0.195422 0.114654 0.886062
0 0.293149 0.264172 0.0471679 0.0213081 0.826545
6 0.179743 0.270573 0.0373722 0.031889 0.816291
4 0.898447 0.176679 0.041927 0.104557 0.777089
1 0.315714 0.204945 0.0313382 0.0876019 0.672179
4 0.0646965 0.156094 0.0309518 0.0665539 0.620814
4 0.293593 0.127264 0.0152624 0.0505089 0.4737
3 0.381581 0.127443 0.00892506 0.0205045 0.402257
5 0.0738091 0.210255 0.0139801 0.0287661 0.363234
2 0.59147 0.30383 0.226553 0.290191 0.960306
6 0.797932 0.334198 0.195422 0.114654 0.886062
0 0.293149 0.264172 0.0471679 0.0213081 0.826545
6 0.179743 0.270573 0.0373722 0.031889 0.816291
4 0.898447 0.176679 0.041927 0.104557 0.777089
1 0.315714 0.204945 0.0313382 0.0876019 0.672179
4 0.0646965 0.156094 0.0309518 0.0665539 0.620814
4 0.293593 0.127264 0.0152624 0.0505089 0.4737
3 0.381581 0.127443 0.00892506 0.0205045 0.402257
5 0.0738091 0.210255 0.0139801 0.0287661 0.363234
2 0.59147 0.30383 0.226553 0.290191 0.960306
6 0.797932 0.334198 0.195422 0.114654 0.886062
0 0.293149 0.264172 0.0471679 0.0213081 0.826545
6 0.179743 0.270573 0.0373722 0.031889 0.816291
4 0.898447 0.176679 0.041927 0.104557 0.777089
1 0.315714 0.204945 0.0313382 0.0876019 0.672179
4 0.0646965 0.156094 0.0309518 0.0665539 0.620814
4 0.293593 0.127264 0.0152624 0.0505089 0.4737
3 0.381581 0.127443 0.00892506 0.0205045 0.402257
5 0.0738091 0.210255 0.0139801 0.0287661 0.363234
2 0.59147 0.30383 0.226553 0.290191 0.960306
6 0.797932 0.334198 0.195422 0.114654 0.886062
0 0.293149 0.264172 0.0471679 0.0213081 0.826545
6 0.179743 0.270573 0.0373722 0.031889 0.816291
4 0.898447 0.176679 0.041927 0.104557 0.777089
1 0.315714 0.204945 0.0313382 0.0876019 0.672179
4 0.0646965 0.156094 0.0309518 0.0665539 0.620814
4 0.293593 0.127264 0.0152624 0.0505089 0.4737
3 0.381581 0.127443 0.00892506 0.0205045 0.402257
5 0.0738091 0.210255 0.0139801 0.0287661 0.363234
