1 0.0585408 0.293152 0.078597 0.0379263 0.890234
6 0.48398 0.616897 0.0615486 0.221878 0.851225
0 0.20737 0.290786 0.0441878 0.0253387 0.732751
4 0.379072 0.0987519 0.0202909 0.0551455 0.673978
1 0.167876 0.291317 0.0399884 0.0244295 0.522248
0 0.0269493 0.267732 0.0205095 0.0829739 0.455168
0 0.490824 0.284991 0.0180151 0.0354582 0.412477
1 0.0585408 0.293152 0.078597 0.0379263 0.890234
6 0.48398 0.616897 0.0615486 0.221878 0.851225
0 0.20737 0.290786 0.0441878 0.0253387 0.732751
4 0.379072 0.0987519 0.0202909 0.0551455 0.673978
1 0.167876 0.291317 0.0399884 0.0244295 0.522248
0 0.0269493 0.267732 0.0205095 0.0829739 0.455168
0 0.490824 0.284991 0.0180151 0.0354582 0.412477
