0 0.0549103 0.338347 0.0441815 0.047927 0.815047
6 0.0118693 0.379979 0.0237385 0.0513775 0.365409
2 0.0524012 0.200862 0.0321749 0.0298301 0.263878
0 0.0549103 0.338347 0.0441815 0.047927 0.815047
6 0.0118693 0.379979 0.0237385 0.0513775 0.365409
2 0.0524012 0.200862 0.0321749 0.0298301 0.263878
0 0.0549103 0.338347 0.0441815 0.047927 0.815047
6 0.0118693 0.379979 0.0237385 0.0513775 0.365409
2 0.0524012 0.200862 0.0321749 0.0298301 0.263878
0 0.0549103 0.338347 0.0441815 0.047927 0.815047
6 0.0118693 0.379979 0.0237385 0.0513775 0.365409
2 0.0524012 0.200862 0.0321749 0.0298301 0.263878
