1 0.734798 0.355543 0.224609 0.711086 0.892087
1 0.89382 0.306986 0.204482 0.608889 0.831207
4 0.153896 0.208078 0.0421511 0.136514 0.798414
1 0.556402 0.283335 0.11784 0.566671 0.734313
1 0.734798 0.355543 0.224609 0.711086 0.892087
1 0.89382 0.306986 0.204482 0.608889 0.831207
4 0.153896 0.208078 0.0421511 0.136514 0.798414
1 0.556402 0.283335 0.11784 0.566671 0.734313
1 0.734798 0.355543 0.224609 0.711086 0.892087
1 0.89382 0.306986 0.204482 0.608889 0.831207
4 0.153896 0.208078 0.0421511 0.136514 0.798414
1 0.556402 0.283335 0.11784 0.566671 0.734313
1 0.734798 0.355543 0.224609 0.711086 0.892087
1 0.89382 0.306986 0.204482 0.608889 0.831207
4 0.153896 0.208078 0.0421511 0.136514 0.798414
1 0.556402 0.283335 0.11784 0.566671 0.734313
