2 0.497048 0.782215 0.143132 0.240901 0.947384
6 0.102147 0.801931 0.0413118 0.0248756 0.737281
2 0.0516382 0.781872 0.0256938 0.0319853 0.572368
2 0.183166 0.279218 0.0207862 0.0536385 0.457834
6 0.210519 0.798696 0.0666158 0.0242662 0.291006
3 0.727333 0.729021 0.0177839 0.0143495 0.275953
1 0.211091 0.798214 0.0662402 0.0249905 0.254907
2 0.497048 0.782215 0.143132 0.240901 0.947384
6 0.102147 0.801931 0.0413118 0.0248756 0.737281
2 0.0516382 0.781872 0.0256938 0.0319853 0.572368
2 0.183166 0.279218 0.0207862 0.0536385 0.457834
6 0.210519 0.798696 0.0666158 0.0242662 0.291006
3 0.727333 0.729021 0.0177839 0.0143495 0.275953
1 0.211091 0.798214 0.0662402 0.0249905 0.254907
