0 0.350774 0.128373 0.11809 0.253341 0.919923
1 0.231735 0.274093 0.304229 0.535815 0.86593
1 0.533013 0.37914 0.188624 0.683381 0.78636
0 0.578196 0.0393967 0.0833946 0.0759556 0.39375
0 0.350774 0.128373 0.11809 0.253341 0.919923
1 0.231735 0.274093 0.304229 0.535815 0.86593
1 0.533013 0.37914 0.188624 0.683381 0.78636
0 0.578196 0.0393967 0.0833946 0.0759556 0.39375
0 0.350774 0.128373 0.11809 0.253341 0.919923
1 0.231735 0.274093 0.304229 0.535815 0.86593
1 0.533013 0.37914 0.188624 0.683381 0.78636
0 0.578196 0.0393967 0.0833946 0.0759556 0.39375
0 0.350774 0.128373 0.11809 0.253341 0.919923
1 0.231735 0.274093 0.304229 0.535815 0.86593
1 0.533013 0.37914 0.188624 0.683381 0.78636
0 0.578196 0.0393967 0.0833946 0.0759556 0.39375
