0 0.642603 0.2808 0.299137 0.556364 0.954063
0 0.469742 0.153192 0.0678871 0.301449 0.870046
1 0.956252 0.700148 0.0874958 0.295343 0.775597
0 0.642603 0.2808 0.299137 0.556364 0.954063
0 0.469742 0.153192 0.0678871 0.301449 0.870046
1 0.956252 0.700148 0.0874958 0.295343 0.775597
0 0.642603 0.2808 0.299137 0.556364 0.954063
0 0.469742 0.153192 0.0678871 0.301449 0.870046
1 0.956252 0.700148 0.0874958 0.295343 0.775597
0 0.642603 0.2808 0.299137 0.556364 0.954063
0 0.469742 0.153192 0.0678871 0.301449 0.870046
1 0.956252 0.700148 0.0874958 0.295343 0.775597
