1 0.555971 0.343163 0.159753 0.291495 0.955663
2 0.950593 0.31588 0.0986347 0.13285 0.901365
5 0.38671 0.0362123 0.0300422 0.0724246 0.556654
1 0.555971 0.343163 0.159753 0.291495 0.955663
2 0.950593 0.31588 0.0986347 0.13285 0.901365
5 0.38671 0.0362123 0.0300422 0.0724246 0.556654
1 0.555971 0.343163 0.159753 0.291495 0.955663
2 0.950593 0.31588 0.0986347 0.13285 0.901365
5 0.38671 0.0362123 0.0300422 0.0724246 0.556654
1 0.555971 0.343163 0.159753 0.291495 0.955663
2 0.950593 0.31588 0.0986347 0.13285 0.901365
5 0.38671 0.0362123 0.0300422 0.0724246 0.556654
