1 0.803417 0.821805 0.392399 0.35639 0.972751
6 0.0962606 0.573748 0.0744275 0.13037 0.824837
1 0.376528 0.072068 0.0476484 0.0548176 0.270597
1 0.803417 0.821805 0.392399 0.35639 0.972751
6 0.0962606 0.573748 0.0744275 0.13037 0.824837
1 0.376528 0.072068 0.0476484 0.0548176 0.270597
1 0.803417 0.821805 0.392399 0.35639 0.972751
6 0.0962606 0.573748 0.0744275 0.13037 0.824837
1 0.376528 0.072068 0.0476484 0.0548176 0.270597
1 0.803417 0.821805 0.392399 0.35639 0.972751
6 0.0962606 0.573748 0.0744275 0.13037 0.824837
1 0.376528 0.072068 0.0476484 0.0548176 0.270597
