1 0.505405 0.30965 0.187193 0.610624 0.968261
1 0.202181 0.557785 0.40082 0.714841 0.959398
1 0.792322 0.450585 0.415356 0.781107 0.952206
0 0.219889 0.232675 0.199249 0.44692 0.926791
1 0.285402 0.0152755 0.0616473 0.0297871 0.796549
1 0.747832 0.946883 0.335781 0.101071 0.635516
1 0.885703 0.959872 0.226417 0.0784556 0.4274
1 0.505405 0.30965 0.187193 0.610624 0.968261
1 0.202181 0.557785 0.40082 0.714841 0.959398
1 0.792322 0.450585 0.415356 0.781107 0.952206
0 0.219889 0.232675 0.199249 0.44692 0.926791
1 0.285402 0.0152755 0.0616473 0.0297871 0.796549
1 0.747832 0.946883 0.335781 0.101071 0.635516
1 0.885703 0.959872 0.226417 0.0784556 0.4274
