1 0.503729 0.757008 0.101943 0.485984 0.94843
0 0.126136 0.887945 0.24862 0.22411 0.936032
0 0.0713154 0.725136 0.142631 0.163753 0.864096
1 0.503729 0.757008 0.101943 0.485984 0.94843
0 0.126136 0.887945 0.24862 0.22411 0.936032
0 0.0713154 0.725136 0.142631 0.163753 0.864096
1 0.503729 0.757008 0.101943 0.485984 0.94843
0 0.126136 0.887945 0.24862 0.22411 0.936032
0 0.0713154 0.725136 0.142631 0.163753 0.864096
1 0.503729 0.757008 0.101943 0.485984 0.94843
0 0.126136 0.887945 0.24862 0.22411 0.936032
0 0.0713154 0.725136 0.142631 0.163753 0.864096
