1 0.283564 0.632683 0.505094 0.399235 0.960784
0 0.347601 0.403029 0.195554 0.0807586 0.882001
2 0.39645 0.30962 0.0460889 0.0981499 0.636687
1 0.0182704 0.467229 0.0364348 0.125351 0.264234
1 0.283564 0.632683 0.505094 0.399235 0.960784
0 0.347601 0.403029 0.195554 0.0807586 0.882001
2 0.39645 0.30962 0.0460889 0.0981499 0.636687
1 0.0182704 0.467229 0.0364348 0.125351 0.264234
1 0.283564 0.632683 0.505094 0.399235 0.960784
0 0.347601 0.403029 0.195554 0.0807586 0.882001
2 0.39645 0.30962 0.0460889 0.0981499 0.636687
1 0.0182704 0.467229 0.0364348 0.125351 0.264234
1 0.283564 0.632683 0.505094 0.399235 0.960784
0 0.347601 0.403029 0.195554 0.0807586 0.882001
2 0.39645 0.30962 0.0460889 0.0981499 0.636687
1 0.0182704 0.467229 0.0364348 0.125351 0.264234
