1 0.523584 0.315977 0.200445 0.631954 0.967698
1 0.840195 0.351002 0.318419 0.698335 0.962686
1 0.645518 0.190385 0.090158 0.380769 0.931764
1 0.694902 0.180282 0.0491911 0.0786523 0.553386
6 0.695063 0.181125 0.0507711 0.0776158 0.326805
1 0.523584 0.315977 0.200445 0.631954 0.967698
1 0.840195 0.351002 0.318419 0.698335 0.962686
1 0.645518 0.190385 0.090158 0.380769 0.931764
1 0.694902 0.180282 0.0491911 0.0786523 0.553386
6 0.695063 0.181125 0.0507711 0.0776158 0.326805
1 0.523584 0.315977 0.200445 0.631954 0.967698
1 0.840195 0.351002 0.318419 0.698335 0.962686
1 0.645518 0.190385 0.090158 0.380769 0.931764
1 0.694902 0.180282 0.0491911 0.0786523 0.553386
6 0.695063 0.181125 0.0507711 0.0776158 0.326805
1 0.523584 0.315977 0.200445 0.631954 0.967698
1 0.840195 0.351002 0.318419 0.698335 0.962686
1 0.645518 0.190385 0.090158 0.380769 0.931764
1 0.694902 0.180282 0.0491911 0.0786523 0.553386
6 0.695063 0.181125 0.0507711 0.0776158 0.326805
