1 0.454578 0.17546 0.0848907 0.347578 0.966221
1 0.281339 0.186061 0.136609 0.371313 0.965931
0 0.71433 0.211011 0.156985 0.422022 0.964028
1 0.194342 0.178048 0.0800053 0.352966 0.87846
0 0.598405 0.194847 0.0926595 0.387349 0.865187
1 0.454578 0.17546 0.0848907 0.347578 0.966221
1 0.281339 0.186061 0.136609 0.371313 0.965931
0 0.71433 0.211011 0.156985 0.422022 0.964028
1 0.194342 0.178048 0.0800053 0.352966 0.87846
0 0.598405 0.194847 0.0926595 0.387349 0.865187
1 0.454578 0.17546 0.0848907 0.347578 0.966221
1 0.281339 0.186061 0.136609 0.371313 0.965931
0 0.71433 0.211011 0.156985 0.422022 0.964028
1 0.194342 0.178048 0.0800053 0.352966 0.87846
0 0.598405 0.194847 0.0926595 0.387349 0.865187
1 0.454578 0.17546 0.0848907 0.347578 0.966221
1 0.281339 0.186061 0.136609 0.371313 0.965931
0 0.71433 0.211011 0.156985 0.422022 0.964028
1 0.194342 0.178048 0.0800053 0.352966 0.87846
0 0.598405 0.194847 0.0926595 0.387349 0.865187
