6 0.61924 0.726485 0.247019 0.547031 0.961965
0 0.112605 0.257429 0.224477 0.134978 0.902476
2 0.0638899 0.123401 0.125885 0.146507 0.650969
6 0.61924 0.726485 0.247019 0.547031 0.961965
0 0.112605 0.257429 0.224477 0.134978 0.902476
2 0.0638899 0.123401 0.125885 0.146507 0.650969
6 0.61924 0.726485 0.247019 0.547031 0.961965
0 0.112605 0.257429 0.224477 0.134978 0.902476
2 0.0638899 0.123401 0.125885 0.146507 0.650969
6 0.61924 0.726485 0.247019 0.547031 0.961965
0 0.112605 0.257429 0.224477 0.134978 0.902476
2 0.0638899 0.123401 0.125885 0.146507 0.650969
