1 0.495021 0.291654 0.166157 0.58291 0.96749
1 0.177162 0.312925 0.25792 0.622126 0.966933
0 0.735398 0.30732 0.0619167 0.39649 0.92922
2 0.961745 0.487357 0.0745527 0.0640788 0.880424
1 0.325972 0.261854 0.0498751 0.523708 0.870688
3 0.855553 0.319773 0.0115597 0.0217909 0.652663
6 0.899583 0.490719 0.0546883 0.0292129 0.512529
2 0.766753 0.485495 0.0142485 0.0436963 0.417012
1 0.495021 0.291654 0.166157 0.58291 0.96749
1 0.177162 0.312925 0.25792 0.622126 0.966933
0 0.735398 0.30732 0.0619167 0.39649 0.92922
2 0.961745 0.487357 0.0745527 0.0640788 0.880424
1 0.325972 0.261854 0.0498751 0.523708 0.870688
3 0.855553 0.319773 0.0115597 0.0217909 0.652663
6 0.899583 0.490719 0.0546883 0.0292129 0.512529
2 0.766753 0.485495 0.0142485 0.0436963 0.417012
