1 0.457026 0.701003 0.211779 0.597593 0.974124
1 0.753218 0.162989 0.0848006 0.325978 0.939158
0 0.899363 0.207191 0.120536 0.414383 0.914873
2 0.130136 0.246312 0.102715 0.0968209 0.898188
0 0.661868 0.20843 0.0983976 0.41686 0.86606
0 0.0322577 0.306498 0.0638597 0.0893223 0.859089
1 0.622717 0.150013 0.0711611 0.29845 0.854446
0 0.846717 0.193783 0.0907433 0.384182 0.808142
4 0.274213 0.0659178 0.0346902 0.121612 0.769774
5 0.0610868 0.0723373 0.0167518 0.0471747 0.46423
1 0.657492 0.185952 0.095505 0.371905 0.361782
1 0.457026 0.701003 0.211779 0.597593 0.974124
1 0.753218 0.162989 0.0848006 0.325978 0.939158
0 0.899363 0.207191 0.120536 0.414383 0.914873
2 0.130136 0.246312 0.102715 0.0968209 0.898188
0 0.661868 0.20843 0.0983976 0.41686 0.86606
0 0.0322577 0.306498 0.0638597 0.0893223 0.859089
1 0.622717 0.150013 0.0711611 0.29845 0.854446
0 0.846717 0.193783 0.0907433 0.384182 0.808142
4 0.274213 0.0659178 0.0346902 0.121612 0.769774
5 0.0610868 0.0723373 0.0167518 0.0471747 0.46423
1 0.657492 0.185952 0.095505 0.371905 0.361782
1 0.457026 0.701003 0.211779 0.597593 0.974124
1 0.753218 0.162989 0.0848006 0.325978 0.939158
0 0.899363 0.207191 0.120536 0.414383 0.914873
2 0.130136 0.246312 0.102715 0.0968209 0.898188
0 0.661868 0.20843 0.0983976 0.41686 0.86606
0 0.0322577 0.306498 0.0638597 0.0893223 0.859089
1 0.622717 0.150013 0.0711611 0.29845 0.854446
0 0.846717 0.193783 0.0907433 0.384182 0.808142
4 0.274213 0.0659178 0.0346902 0.121612 0.769774
5 0.0610868 0.0723373 0.0167518 0.0471747 0.46423
1 0.657492 0.185952 0.095505 0.371905 0.361782
1 0.457026 0.701003 0.211779 0.597593 0.974124
1 0.753218 0.162989 0.0848006 0.325978 0.939158
0 0.899363 0.207191 0.120536 0.414383 0.914873
2 0.130136 0.246312 0.102715 0.0968209 0.898188
0 0.661868 0.20843 0.0983976 0.41686 0.86606
0 0.0322577 0.306498 0.0638597 0.0893223 0.859089
1 0.622717 0.150013 0.0711611 0.29845 0.854446
0 0.846717 0.193783 0.0907433 0.384182 0.808142
4 0.274213 0.0659178 0.0346902 0.121612 0.769774
5 0.0610868 0.0723373 0.0167518 0.0471747 0.46423
1 0.657492 0.185952 0.095505 0.371905 0.361782
