0 0.428036 0.19527 0.0810935 0.386849 0.955895
3 0.688744 0.022604 0.019182 0.0447551 0.91939
1 0.374454 0.171644 0.0408332 0.340935 0.855846
1 0.304267 0.169543 0.0461416 0.334 0.821371
1 0.206235 0.169496 0.0406975 0.337475 0.779547
1 0.250431 0.177696 0.0953874 0.351811 0.769725
0 0.428036 0.19527 0.0810935 0.386849 0.955895
3 0.688744 0.022604 0.019182 0.0447551 0.91939
1 0.374454 0.171644 0.0408332 0.340935 0.855846
1 0.304267 0.169543 0.0461416 0.334 0.821371
1 0.206235 0.169496 0.0406975 0.337475 0.779547
1 0.250431 0.177696 0.0953874 0.351811 0.769725
