6 0.695717 0.655844 0.407427 0.295893 0.928836
6 0.114053 0.394124 0.159583 0.15761 0.910871
6 0.627616 0.319661 0.0980383 0.16279 0.872134
1 0.50983 0.102105 0.034362 0.0503542 0.861508
0 0.389174 0.106028 0.0352247 0.0212122 0.6402
1 0.418393 0.0829916 0.0411025 0.0264025 0.551966
4 0.190459 0.0209428 0.024036 0.0386028 0.407907
6 0.695717 0.655844 0.407427 0.295893 0.928836
6 0.114053 0.394124 0.159583 0.15761 0.910871
6 0.627616 0.319661 0.0980383 0.16279 0.872134
1 0.50983 0.102105 0.034362 0.0503542 0.861508
0 0.389174 0.106028 0.0352247 0.0212122 0.6402
1 0.418393 0.0829916 0.0411025 0.0264025 0.551966
4 0.190459 0.0209428 0.024036 0.0386028 0.407907
