1 0.848453 0.306737 0.303093 0.610176 0.951222
1 0.57608 0.429339 0.347644 0.858553 0.840187
1 0.374429 0.243264 0.111387 0.486529 0.742479
1 0.848453 0.306737 0.303093 0.610176 0.951222
1 0.57608 0.429339 0.347644 0.858553 0.840187
1 0.374429 0.243264 0.111387 0.486529 0.742479
1 0.848453 0.306737 0.303093 0.610176 0.951222
1 0.57608 0.429339 0.347644 0.858553 0.840187
1 0.374429 0.243264 0.111387 0.486529 0.742479
1 0.848453 0.306737 0.303093 0.610176 0.951222
1 0.57608 0.429339 0.347644 0.858553 0.840187
1 0.374429 0.243264 0.111387 0.486529 0.742479
