6 0.456571 0.814956 0.101505 0.370087 0.902406
0 0.387243 0.598468 0.178101 0.102766 0.895838
0 0.0770231 0.744775 0.152387 0.51045 0.895271
6 0.71185 0.4937 0.182285 0.137238 0.854183
4 0.0251721 0.0473238 0.0503442 0.0946477 0.677473
2 0.442642 0.35218 0.0693609 0.0720007 0.651631
2 0.347035 0.0929916 0.0330681 0.0381653 0.568615
6 0.456571 0.814956 0.101505 0.370087 0.902406
0 0.387243 0.598468 0.178101 0.102766 0.895838
0 0.0770231 0.744775 0.152387 0.51045 0.895271
6 0.71185 0.4937 0.182285 0.137238 0.854183
4 0.0251721 0.0473238 0.0503442 0.0946477 0.677473
2 0.442642 0.35218 0.0693609 0.0720007 0.651631
2 0.347035 0.0929916 0.0330681 0.0381653 0.568615
