1 0.460037 0.382259 0.116497 0.295985 0.9551
2 0.562703 0.273601 0.103654 0.168162 0.934999
1 0.893353 0.616118 0.106534 0.160031 0.930066
4 0.109045 0.131002 0.0358493 0.0701605 0.465835
0 0.24223 0.29846 0.0528361 0.0441327 0.259971
1 0.460037 0.382259 0.116497 0.295985 0.9551
2 0.562703 0.273601 0.103654 0.168162 0.934999
1 0.893353 0.616118 0.106534 0.160031 0.930066
4 0.109045 0.131002 0.0358493 0.0701605 0.465835
0 0.24223 0.29846 0.0528361 0.0441327 0.259971
1 0.460037 0.382259 0.116497 0.295985 0.9551
2 0.562703 0.273601 0.103654 0.168162 0.934999
1 0.893353 0.616118 0.106534 0.160031 0.930066
4 0.109045 0.131002 0.0358493 0.0701605 0.465835
0 0.24223 0.29846 0.0528361 0.0441327 0.259971
1 0.460037 0.382259 0.116497 0.295985 0.9551
2 0.562703 0.273601 0.103654 0.168162 0.934999
1 0.893353 0.616118 0.106534 0.160031 0.930066
4 0.109045 0.131002 0.0358493 0.0701605 0.465835
0 0.24223 0.29846 0.0528361 0.0441327 0.259971
