1 0.880712 0.396993 0.184857 0.780672 0.972662
1 0.636752 0.470226 0.07841 0.53315 0.941444
1 0.772139 0.497214 0.0874741 0.486284 0.916018
2 0.424891 0.554053 0.0294592 0.0438882 0.592417
4 0.147982 0.413096 0.040214 0.0624886 0.495484
1 0.880712 0.396993 0.184857 0.780672 0.972662
1 0.636752 0.470226 0.07841 0.53315 0.941444
1 0.772139 0.497214 0.0874741 0.486284 0.916018
2 0.424891 0.554053 0.0294592 0.0438882 0.592417
4 0.147982 0.413096 0.040214 0.0624886 0.495484
1 0.880712 0.396993 0.184857 0.780672 0.972662
1 0.636752 0.470226 0.07841 0.53315 0.941444
1 0.772139 0.497214 0.0874741 0.486284 0.916018
2 0.424891 0.554053 0.0294592 0.0438882 0.592417
4 0.147982 0.413096 0.040214 0.0624886 0.495484
1 0.880712 0.396993 0.184857 0.780672 0.972662
1 0.636752 0.470226 0.07841 0.53315 0.941444
1 0.772139 0.497214 0.0874741 0.486284 0.916018
2 0.424891 0.554053 0.0294592 0.0438882 0.592417
4 0.147982 0.413096 0.040214 0.0624886 0.495484
