2 0.36865 0.626244 0.291449 0.272591 0.952057
0 0.331185 0.440361 0.0869605 0.0490276 0.815446
1 0.41847 0.391454 0.0707097 0.0391528 0.702181
2 0.36865 0.626244 0.291449 0.272591 0.952057
0 0.331185 0.440361 0.0869605 0.0490276 0.815446
1 0.41847 0.391454 0.0707097 0.0391528 0.702181
2 0.36865 0.626244 0.291449 0.272591 0.952057
0 0.331185 0.440361 0.0869605 0.0490276 0.815446
1 0.41847 0.391454 0.0707097 0.0391528 0.702181
2 0.36865 0.626244 0.291449 0.272591 0.952057
0 0.331185 0.440361 0.0869605 0.0490276 0.815446
1 0.41847 0.391454 0.0707097 0.0391528 0.702181
