0 0.490749 0.418205 0.0526579 0.234896 0.94881
2 0.4592 0.140612 0.0474694 0.0531686 0.897909
1 0.501126 0.244815 0.100198 0.0553704 0.897163
0 0.0255411 0.223392 0.0510822 0.0583325 0.808923
2 0.395847 0.0277837 0.0278549 0.0332193 0.765747
0 0.0883898 0.0461196 0.0286731 0.0258764 0.661635
6 0.252655 0.0975416 0.0163921 0.0344813 0.366601
1 0.204002 0.0268525 0.0204082 0.0403203 0.357123
0 0.490749 0.418205 0.0526579 0.234896 0.94881
2 0.4592 0.140612 0.0474694 0.0531686 0.897909
1 0.501126 0.244815 0.100198 0.0553704 0.897163
0 0.0255411 0.223392 0.0510822 0.0583325 0.808923
2 0.395847 0.0277837 0.0278549 0.0332193 0.765747
0 0.0883898 0.0461196 0.0286731 0.0258764 0.661635
6 0.252655 0.0975416 0.0163921 0.0344813 0.366601
1 0.204002 0.0268525 0.0204082 0.0403203 0.357123
0 0.490749 0.418205 0.0526579 0.234896 0.94881
2 0.4592 0.140612 0.0474694 0.0531686 0.897909
1 0.501126 0.244815 0.100198 0.0553704 0.897163
0 0.0255411 0.223392 0.0510822 0.0583325 0.808923
2 0.395847 0.0277837 0.0278549 0.0332193 0.765747
0 0.0883898 0.0461196 0.0286731 0.0258764 0.661635
6 0.252655 0.0975416 0.0163921 0.0344813 0.366601
1 0.204002 0.0268525 0.0204082 0.0403203 0.357123
0 0.490749 0.418205 0.0526579 0.234896 0.94881
2 0.4592 0.140612 0.0474694 0.0531686 0.897909
1 0.501126 0.244815 0.100198 0.0553704 0.897163
0 0.0255411 0.223392 0.0510822 0.0583325 0.808923
2 0.395847 0.0277837 0.0278549 0.0332193 0.765747
0 0.0883898 0.0461196 0.0286731 0.0258764 0.661635
6 0.252655 0.0975416 0.0163921 0.0344813 0.366601
1 0.204002 0.0268525 0.0204082 0.0403203 0.357123
