0 0.332899 0.287598 0.304473 0.142462 0.926479
5 0.198578 0.0190531 0.0177181 0.0381062 0.870567
6 0.600237 0.367449 0.0946819 0.235336 0.781724
0 0.782878 0.214604 0.0637646 0.0404567 0.776633
0 0.327875 0.0848535 0.0436646 0.169707 0.766815
1 0.599827 0.367607 0.0972843 0.236075 0.525492
0 0.599837 0.366255 0.0958162 0.235846 0.37477
1 0.831779 0.212554 0.0480856 0.0460603 0.283842
0 0.332899 0.287598 0.304473 0.142462 0.926479
5 0.198578 0.0190531 0.0177181 0.0381062 0.870567
6 0.600237 0.367449 0.0946819 0.235336 0.781724
0 0.782878 0.214604 0.0637646 0.0404567 0.776633
0 0.327875 0.0848535 0.0436646 0.169707 0.766815
1 0.599827 0.367607 0.0972843 0.236075 0.525492
0 0.599837 0.366255 0.0958162 0.235846 0.37477
1 0.831779 0.212554 0.0480856 0.0460603 0.283842
0 0.332899 0.287598 0.304473 0.142462 0.926479
5 0.198578 0.0190531 0.0177181 0.0381062 0.870567
6 0.600237 0.367449 0.0946819 0.235336 0.781724
0 0.782878 0.214604 0.0637646 0.0404567 0.776633
0 0.327875 0.0848535 0.0436646 0.169707 0.766815
1 0.599827 0.367607 0.0972843 0.236075 0.525492
0 0.599837 0.366255 0.0958162 0.235846 0.37477
1 0.831779 0.212554 0.0480856 0.0460603 0.283842
0 0.332899 0.287598 0.304473 0.142462 0.926479
5 0.198578 0.0190531 0.0177181 0.0381062 0.870567
6 0.600237 0.367449 0.0946819 0.235336 0.781724
0 0.782878 0.214604 0.0637646 0.0404567 0.776633
0 0.327875 0.0848535 0.0436646 0.169707 0.766815
1 0.599827 0.367607 0.0972843 0.236075 0.525492
0 0.599837 0.366255 0.0958162 0.235846 0.37477
1 0.831779 0.212554 0.0480856 0.0460603 0.283842
