2 0.140386 0.237959 0.0943036 0.101618 0.975679
6 0.606594 0.654551 0.211576 0.252005 0.917295
1 0.117947 0.149068 0.0995868 0.0957318 0.843063
0 0.0539291 0.026164 0.0677269 0.0448999 0.403374
1 0.0521241 0.02563 0.0708335 0.0457208 0.3904
6 0.465353 0.652286 0.0655309 0.305731 0.305867
0 0.659293 0.0233286 0.112412 0.0465143 0.260476
2 0.140386 0.237959 0.0943036 0.101618 0.975679
6 0.606594 0.654551 0.211576 0.252005 0.917295
1 0.117947 0.149068 0.0995868 0.0957318 0.843063
0 0.0539291 0.026164 0.0677269 0.0448999 0.403374
1 0.0521241 0.02563 0.0708335 0.0457208 0.3904
6 0.465353 0.652286 0.0655309 0.305731 0.305867
0 0.659293 0.0233286 0.112412 0.0465143 0.260476
2 0.140386 0.237959 0.0943036 0.101618 0.975679
6 0.606594 0.654551 0.211576 0.252005 0.917295
1 0.117947 0.149068 0.0995868 0.0957318 0.843063
0 0.0539291 0.026164 0.0677269 0.0448999 0.403374
1 0.0521241 0.02563 0.0708335 0.0457208 0.3904
6 0.465353 0.652286 0.0655309 0.305731 0.305867
0 0.659293 0.0233286 0.112412 0.0465143 0.260476
2 0.140386 0.237959 0.0943036 0.101618 0.975679
6 0.606594 0.654551 0.211576 0.252005 0.917295
1 0.117947 0.149068 0.0995868 0.0957318 0.843063
0 0.0539291 0.026164 0.0677269 0.0448999 0.403374
1 0.0521241 0.02563 0.0708335 0.0457208 0.3904
6 0.465353 0.652286 0.0655309 0.305731 0.305867
0 0.659293 0.0233286 0.112412 0.0465143 0.260476
