2 0.4658 0.309556 0.259082 0.299671 0.962714
0 0.160404 0.132585 0.0689294 0.245386 0.918135
0 0.939464 0.0635717 0.120593 0.123716 0.600861
2 0.4658 0.309556 0.259082 0.299671 0.962714
0 0.160404 0.132585 0.0689294 0.245386 0.918135
0 0.939464 0.0635717 0.120593 0.123716 0.600861
2 0.4658 0.309556 0.259082 0.299671 0.962714
0 0.160404 0.132585 0.0689294 0.245386 0.918135
0 0.939464 0.0635717 0.120593 0.123716 0.600861
2 0.4658 0.309556 0.259082 0.299671 0.962714
0 0.160404 0.132585 0.0689294 0.245386 0.918135
0 0.939464 0.0635717 0.120593 0.123716 0.600861
