1 0.556838 0.340784 0.161631 0.681568 0.911718
0 0.638248 0.256389 0.0651431 0.512778 0.768571
1 0.843484 0.5 0.311571 1 0.469584
1 0.556838 0.340784 0.161631 0.681568 0.911718
0 0.638248 0.256389 0.0651431 0.512778 0.768571
1 0.843484 0.5 0.311571 1 0.469584
1 0.556838 0.340784 0.161631 0.681568 0.911718
0 0.638248 0.256389 0.0651431 0.512778 0.768571
1 0.843484 0.5 0.311571 1 0.469584
1 0.556838 0.340784 0.161631 0.681568 0.911718
0 0.638248 0.256389 0.0651431 0.512778 0.768571
1 0.843484 0.5 0.311571 1 0.469584
