2 0.575513 0.472019 0.147454 0.23528 0.962508
0 0.281353 0.0789035 0.0433413 0.157807 0.945316
2 0.688739 0.160014 0.0318264 0.0622331 0.936016
0 0.131189 0.0424417 0.0467937 0.0848834 0.911699
0 0.18598 0.0437733 0.0404295 0.0875467 0.876795
1 0.0395036 0.0647004 0.0790073 0.129401 0.827226
6 0.538704 0.106355 0.0507111 0.0356912 0.409124
6 0.629606 0.142119 0.0208461 0.0402856 0.34443
2 0.575513 0.472019 0.147454 0.23528 0.962508
0 0.281353 0.0789035 0.0433413 0.157807 0.945316
2 0.688739 0.160014 0.0318264 0.0622331 0.936016
0 0.131189 0.0424417 0.0467937 0.0848834 0.911699
0 0.18598 0.0437733 0.0404295 0.0875467 0.876795
1 0.0395036 0.0647004 0.0790073 0.129401 0.827226
6 0.538704 0.106355 0.0507111 0.0356912 0.409124
6 0.629606 0.142119 0.0208461 0.0402856 0.34443
2 0.575513 0.472019 0.147454 0.23528 0.962508
0 0.281353 0.0789035 0.0433413 0.157807 0.945316
2 0.688739 0.160014 0.0318264 0.0622331 0.936016
0 0.131189 0.0424417 0.0467937 0.0848834 0.911699
0 0.18598 0.0437733 0.0404295 0.0875467 0.876795
1 0.0395036 0.0647004 0.0790073 0.129401 0.827226
6 0.538704 0.106355 0.0507111 0.0356912 0.409124
6 0.629606 0.142119 0.0208461 0.0402856 0.34443
2 0.575513 0.472019 0.147454 0.23528 0.962508
0 0.281353 0.0789035 0.0433413 0.157807 0.945316
2 0.688739 0.160014 0.0318264 0.0622331 0.936016
0 0.131189 0.0424417 0.0467937 0.0848834 0.911699
0 0.18598 0.0437733 0.0404295 0.0875467 0.876795
1 0.0395036 0.0647004 0.0790073 0.129401 0.827226
6 0.538704 0.106355 0.0507111 0.0356912 0.409124
6 0.629606 0.142119 0.0208461 0.0402856 0.34443
