5 0.268135 0.195322 0.0128123 0.0324315 0.74781
2 0.366626 0.457408 0.0666951 0.13121 0.40562
3 0.145013 0.200011 0.0101108 0.0248225 0.375958
5 0.268135 0.195322 0.0128123 0.0324315 0.74781
2 0.366626 0.457408 0.0666951 0.13121 0.40562
3 0.145013 0.200011 0.0101108 0.0248225 0.375958
5 0.268135 0.195322 0.0128123 0.0324315 0.74781
2 0.366626 0.457408 0.0666951 0.13121 0.40562
3 0.145013 0.200011 0.0101108 0.0248225 0.375958
5 0.268135 0.195322 0.0128123 0.0324315 0.74781
2 0.366626 0.457408 0.0666951 0.13121 0.40562
3 0.145013 0.200011 0.0101108 0.0248225 0.375958
