0 0.59193 0.17821 0.0943838 0.353178 0.954066
0 0.477674 0.150826 0.0654919 0.300537 0.93614
0 0.889599 0.149765 0.0892837 0.0869279 0.849734
1 0.5551 0.0556042 0.0206583 0.108851 0.41669
1 0.551595 0.0870164 0.0217426 0.0531345 0.32309
6 0.987206 0.230523 0.0253517 0.119654 0.266253
0 0.59193 0.17821 0.0943838 0.353178 0.954066
0 0.477674 0.150826 0.0654919 0.300537 0.93614
0 0.889599 0.149765 0.0892837 0.0869279 0.849734
1 0.5551 0.0556042 0.0206583 0.108851 0.41669
1 0.551595 0.0870164 0.0217426 0.0531345 0.32309
6 0.987206 0.230523 0.0253517 0.119654 0.266253
