0 0.463833 0.734017 0.0732071 0.133297 0.943161
6 0.624793 0.771964 0.203395 0.24283 0.911438
1 0.863257 0.636844 0.0421257 0.0440233 0.859361
1 0.160763 0.583568 0.0270286 0.137438 0.836657
1 0.0884762 0.580983 0.0319563 0.161025 0.812581
0 0.245288 0.599247 0.0176854 0.10167 0.788201
1 0.113506 0.585952 0.0248543 0.137733 0.671078
4 0.874896 0.527935 0.0270363 0.0956655 0.655061
2 0.541553 0.650914 0.0447076 0.0660859 0.632765
0 0.190778 0.601289 0.0175445 0.0972458 0.547071
2 0.6478 0.635178 0.0376436 0.0329717 0.48734
3 0.568445 0.536634 0.00654354 0.0236813 0.438813
1 0.139261 0.583289 0.0285971 0.148783 0.392067
6 0.456396 0.650843 0.0321953 0.0235701 0.372396
1 0.211024 0.673514 0.0338264 0.0404604 0.322725
2 0.594603 0.658557 0.148063 0.0900865 0.314778
6 0.211376 0.673623 0.0346357 0.0401505 0.288886
2 0.647116 0.656314 0.0375111 0.0744469 0.265435
0 0.463833 0.734017 0.0732071 0.133297 0.943161
6 0.624793 0.771964 0.203395 0.24283 0.911438
1 0.863257 0.636844 0.0421257 0.0440233 0.859361
1 0.160763 0.583568 0.0270286 0.137438 0.836657
1 0.0884762 0.580983 0.0319563 0.161025 0.812581
0 0.245288 0.599247 0.0176854 0.10167 0.788201
1 0.113506 0.585952 0.0248543 0.137733 0.671078
4 0.874896 0.527935 0.0270363 0.0956655 0.655061
2 0.541553 0.650914 0.0447076 0.0660859 0.632765
0 0.190778 0.601289 0.0175445 0.0972458 0.547071
2 0.6478 0.635178 0.0376436 0.0329717 0.48734
3 0.568445 0.536634 0.00654354 0.0236813 0.438813
1 0.139261 0.583289 0.0285971 0.148783 0.392067
6 0.456396 0.650843 0.0321953 0.0235701 0.372396
1 0.211024 0.673514 0.0338264 0.0404604 0.322725
2 0.594603 0.658557 0.148063 0.0900865 0.314778
6 0.211376 0.673623 0.0346357 0.0401505 0.288886
2 0.647116 0.656314 0.0375111 0.0744469 0.265435
