0 0.769942 0.410624 0.016457 0.0840996 0.853212
2 0.908044 0.487835 0.0523312 0.0446815 0.776768
2 0.809713 0.450126 0.0352411 0.0382621 0.772875
1 0.126284 0.152208 0.252007 0.304416 0.763482
1 0.129502 0.652212 0.258657 0.616112 0.323235
0 0.769942 0.410624 0.016457 0.0840996 0.853212
2 0.908044 0.487835 0.0523312 0.0446815 0.776768
2 0.809713 0.450126 0.0352411 0.0382621 0.772875
1 0.126284 0.152208 0.252007 0.304416 0.763482
1 0.129502 0.652212 0.258657 0.616112 0.323235
0 0.769942 0.410624 0.016457 0.0840996 0.853212
2 0.908044 0.487835 0.0523312 0.0446815 0.776768
2 0.809713 0.450126 0.0352411 0.0382621 0.772875
1 0.126284 0.152208 0.252007 0.304416 0.763482
1 0.129502 0.652212 0.258657 0.616112 0.323235
0 0.769942 0.410624 0.016457 0.0840996 0.853212
2 0.908044 0.487835 0.0523312 0.0446815 0.776768
2 0.809713 0.450126 0.0352411 0.0382621 0.772875
1 0.126284 0.152208 0.252007 0.304416 0.763482
1 0.129502 0.652212 0.258657 0.616112 0.323235
