0 0.522418 0.211538 0.0724967 0.423076 0.940176
0 0.171121 0.206097 0.0988195 0.412195 0.93445
1 0.0675873 0.243652 0.13484 0.487304 0.930908
0 0.260658 0.201866 0.0754364 0.403732 0.929349
5 0.39376 0.114689 0.0125878 0.0410623 0.772912
3 0.894092 0.16724 0.0155443 0.0295378 0.769542
0 0.458547 0.377303 0.0577141 0.0407528 0.515783
3 0.406446 0.151612 0.00756912 0.0187578 0.48465
0 0.522418 0.211538 0.0724967 0.423076 0.940176
0 0.171121 0.206097 0.0988195 0.412195 0.93445
1 0.0675873 0.243652 0.13484 0.487304 0.930908
0 0.260658 0.201866 0.0754364 0.403732 0.929349
5 0.39376 0.114689 0.0125878 0.0410623 0.772912
3 0.894092 0.16724 0.0155443 0.0295378 0.769542
0 0.458547 0.377303 0.0577141 0.0407528 0.515783
3 0.406446 0.151612 0.00756912 0.0187578 0.48465
