6 0.420308 0.619253 0.129277 0.256055 0.894072
1 0.215261 0.340772 0.0743804 0.0436972 0.8773
1 0.208746 0.388715 0.0712214 0.0435855 0.51682
6 0.420308 0.619253 0.129277 0.256055 0.894072
1 0.215261 0.340772 0.0743804 0.0436972 0.8773
1 0.208746 0.388715 0.0712214 0.0435855 0.51682
6 0.420308 0.619253 0.129277 0.256055 0.894072
1 0.215261 0.340772 0.0743804 0.0436972 0.8773
1 0.208746 0.388715 0.0712214 0.0435855 0.51682
6 0.420308 0.619253 0.129277 0.256055 0.894072
1 0.215261 0.340772 0.0743804 0.0436972 0.8773
1 0.208746 0.388715 0.0712214 0.0435855 0.51682
