2 0.536238 0.309746 0.407196 0.563677 0.985304
0 0.973186 0.175631 0.0529226 0.345605 0.734758
0 0.870599 0.0505359 0.082222 0.1002 0.321004
2 0.536238 0.309746 0.407196 0.563677 0.985304
0 0.973186 0.175631 0.0529226 0.345605 0.734758
0 0.870599 0.0505359 0.082222 0.1002 0.321004
2 0.536238 0.309746 0.407196 0.563677 0.985304
0 0.973186 0.175631 0.0529226 0.345605 0.734758
0 0.870599 0.0505359 0.082222 0.1002 0.321004
2 0.536238 0.309746 0.407196 0.563677 0.985304
0 0.973186 0.175631 0.0529226 0.345605 0.734758
0 0.870599 0.0505359 0.082222 0.1002 0.321004
