1 0.17728 0.214114 0.351471 0.229245 0.965576
6 0.795181 0.350386 0.409639 0.333968 0.901559
2 0.96687 0.167684 0.0646574 0.0840707 0.837003
1 0.17728 0.214114 0.351471 0.229245 0.965576
6 0.795181 0.350386 0.409639 0.333968 0.901559
2 0.96687 0.167684 0.0646574 0.0840707 0.837003
1 0.17728 0.214114 0.351471 0.229245 0.965576
6 0.795181 0.350386 0.409639 0.333968 0.901559
2 0.96687 0.167684 0.0646574 0.0840707 0.837003
1 0.17728 0.214114 0.351471 0.229245 0.965576
6 0.795181 0.350386 0.409639 0.333968 0.901559
2 0.96687 0.167684 0.0646574 0.0840707 0.837003
