0 0.643975 0.431343 0.499677 0.319391 0.96784
1 0.640608 0.0252701 0.0676222 0.048281 0.427679
0 0.641745 0.0267656 0.0679657 0.0482612 0.411639
0 0.643975 0.431343 0.499677 0.319391 0.96784
1 0.640608 0.0252701 0.0676222 0.048281 0.427679
0 0.641745 0.0267656 0.0679657 0.0482612 0.411639
0 0.643975 0.431343 0.499677 0.319391 0.96784
1 0.640608 0.0252701 0.0676222 0.048281 0.427679
0 0.641745 0.0267656 0.0679657 0.0482612 0.411639
0 0.643975 0.431343 0.499677 0.319391 0.96784
1 0.640608 0.0252701 0.0676222 0.048281 0.427679
0 0.641745 0.0267656 0.0679657 0.0482612 0.411639
