2 0.141304 0.765819 0.282607 0.468361 0.98561
2 0.876811 0.605785 0.246378 0.326839 0.930667
0 0.638828 0.555206 0.294207 0.203123 0.901709
1 0.910037 0.450536 0.179878 0.175252 0.852945
2 0.141304 0.765819 0.282607 0.468361 0.98561
2 0.876811 0.605785 0.246378 0.326839 0.930667
0 0.638828 0.555206 0.294207 0.203123 0.901709
1 0.910037 0.450536 0.179878 0.175252 0.852945
2 0.141304 0.765819 0.282607 0.468361 0.98561
2 0.876811 0.605785 0.246378 0.326839 0.930667
0 0.638828 0.555206 0.294207 0.203123 0.901709
1 0.910037 0.450536 0.179878 0.175252 0.852945
