1 0.216729 0.181531 0.188009 0.362954 0.96019
0 0.9273 0.668073 0.0891483 0.338013 0.943172
0 0.706993 0.176532 0.174465 0.35044 0.918234
1 0.514748 0.394641 0.356455 0.789281 0.912012
0 0.810784 0.142644 0.118858 0.111436 0.850237
0 0.0922579 0.51347 0.183445 0.97306 0.379469
2 0.954031 0.0165093 0.0437767 0.0330187 0.372719
1 0.216729 0.181531 0.188009 0.362954 0.96019
0 0.9273 0.668073 0.0891483 0.338013 0.943172
0 0.706993 0.176532 0.174465 0.35044 0.918234
1 0.514748 0.394641 0.356455 0.789281 0.912012
0 0.810784 0.142644 0.118858 0.111436 0.850237
0 0.0922579 0.51347 0.183445 0.97306 0.379469
2 0.954031 0.0165093 0.0437767 0.0330187 0.372719
1 0.216729 0.181531 0.188009 0.362954 0.96019
0 0.9273 0.668073 0.0891483 0.338013 0.943172
0 0.706993 0.176532 0.174465 0.35044 0.918234
1 0.514748 0.394641 0.356455 0.789281 0.912012
0 0.810784 0.142644 0.118858 0.111436 0.850237
0 0.0922579 0.51347 0.183445 0.97306 0.379469
2 0.954031 0.0165093 0.0437767 0.0330187 0.372719
