0 0.774959 0.820656 0.371961 0.358688 0.970461
1 0.658833 0.315971 0.202501 0.627769 0.969187
1 0.507549 0.156364 0.184175 0.312728 0.967978
1 0.889062 0.148451 0.221876 0.296902 0.963751
1 0.109923 0.682876 0.219132 0.223442 0.581087
0 0.106549 0.679877 0.213098 0.236715 0.497757
0 0.774959 0.820656 0.371961 0.358688 0.970461
1 0.658833 0.315971 0.202501 0.627769 0.969187
1 0.507549 0.156364 0.184175 0.312728 0.967978
1 0.889062 0.148451 0.221876 0.296902 0.963751
1 0.109923 0.682876 0.219132 0.223442 0.581087
0 0.106549 0.679877 0.213098 0.236715 0.497757
