2 0.440117 0.590858 0.278834 0.365072 0.964827
0 0.393911 0.38385 0.0995858 0.162901 0.951297
2 0.9758 0.0864293 0.0483992 0.151761 0.640648
0 0.0996009 0.0701682 0.0235366 0.0322731 0.629052
6 0.119326 0.130079 0.0719673 0.0529708 0.604581
1 0.347144 0.0806545 0.044523 0.0655971 0.580177
2 0.440117 0.590858 0.278834 0.365072 0.964827
0 0.393911 0.38385 0.0995858 0.162901 0.951297
2 0.9758 0.0864293 0.0483992 0.151761 0.640648
0 0.0996009 0.0701682 0.0235366 0.0322731 0.629052
6 0.119326 0.130079 0.0719673 0.0529708 0.604581
1 0.347144 0.0806545 0.044523 0.0655971 0.580177
