1 0.531171 0.136863 0.0772127 0.273031 0.948855
0 0.710793 0.159081 0.130562 0.318162 0.940711
1 0.386972 0.1368 0.0915097 0.271572 0.925296
0 0.0776805 0.179945 0.15457 0.35989 0.856979
1 0.319445 0.130581 0.0536119 0.25819 0.833297
0 0.626888 0.147361 0.0641182 0.294723 0.492439
1 0.531171 0.136863 0.0772127 0.273031 0.948855
0 0.710793 0.159081 0.130562 0.318162 0.940711
1 0.386972 0.1368 0.0915097 0.271572 0.925296
0 0.0776805 0.179945 0.15457 0.35989 0.856979
1 0.319445 0.130581 0.0536119 0.25819 0.833297
0 0.626888 0.147361 0.0641182 0.294723 0.492439
1 0.531171 0.136863 0.0772127 0.273031 0.948855
0 0.710793 0.159081 0.130562 0.318162 0.940711
1 0.386972 0.1368 0.0915097 0.271572 0.925296
0 0.0776805 0.179945 0.15457 0.35989 0.856979
1 0.319445 0.130581 0.0536119 0.25819 0.833297
0 0.626888 0.147361 0.0641182 0.294723 0.492439
1 0.531171 0.136863 0.0772127 0.273031 0.948855
0 0.710793 0.159081 0.130562 0.318162 0.940711
1 0.386972 0.1368 0.0915097 0.271572 0.925296
0 0.0776805 0.179945 0.15457 0.35989 0.856979
1 0.319445 0.130581 0.0536119 0.25819 0.833297
0 0.626888 0.147361 0.0641182 0.294723 0.492439
