0 0.508901 0.329841 0.0859121 0.271247 0.955788
1 0.455392 0.858086 0.218062 0.283755 0.896407
6 0.242662 0.235975 0.0970517 0.181097 0.869698
6 0.0971564 0.279059 0.190192 0.112798 0.827045
0 0.508901 0.329841 0.0859121 0.271247 0.955788
1 0.455392 0.858086 0.218062 0.283755 0.896407
6 0.242662 0.235975 0.0970517 0.181097 0.869698
6 0.0971564 0.279059 0.190192 0.112798 0.827045
0 0.508901 0.329841 0.0859121 0.271247 0.955788
1 0.455392 0.858086 0.218062 0.283755 0.896407
6 0.242662 0.235975 0.0970517 0.181097 0.869698
6 0.0971564 0.279059 0.190192 0.112798 0.827045
0 0.508901 0.329841 0.0859121 0.271247 0.955788
1 0.455392 0.858086 0.218062 0.283755 0.896407
6 0.242662 0.235975 0.0970517 0.181097 0.869698
6 0.0971564 0.279059 0.190192 0.112798 0.827045
