6 0.48054 0.681269 0.117352 0.244188 0.922696
0 0.220295 0.217098 0.0292654 0.183196 0.870364
1 0.57771 0.288914 0.0494099 0.027967 0.664467
0 0.249456 0.230667 0.0263567 0.167911 0.63725
0 0.521157 0.317882 0.0550568 0.0304532 0.568046
1 0.479142 0.681188 0.119003 0.242459 0.35907
6 0.48054 0.681269 0.117352 0.244188 0.922696
0 0.220295 0.217098 0.0292654 0.183196 0.870364
1 0.57771 0.288914 0.0494099 0.027967 0.664467
0 0.249456 0.230667 0.0263567 0.167911 0.63725
0 0.521157 0.317882 0.0550568 0.0304532 0.568046
1 0.479142 0.681188 0.119003 0.242459 0.35907
6 0.48054 0.681269 0.117352 0.244188 0.922696
0 0.220295 0.217098 0.0292654 0.183196 0.870364
1 0.57771 0.288914 0.0494099 0.027967 0.664467
0 0.249456 0.230667 0.0263567 0.167911 0.63725
0 0.521157 0.317882 0.0550568 0.0304532 0.568046
1 0.479142 0.681188 0.119003 0.242459 0.35907
6 0.48054 0.681269 0.117352 0.244188 0.922696
0 0.220295 0.217098 0.0292654 0.183196 0.870364
1 0.57771 0.288914 0.0494099 0.027967 0.664467
0 0.249456 0.230667 0.0263567 0.167911 0.63725
0 0.521157 0.317882 0.0550568 0.0304532 0.568046
1 0.479142 0.681188 0.119003 0.242459 0.35907
