1 0.643955 0.492581 0.31468 0.190973 0.959705
0 0.385771 0.374514 0.0571828 0.0686523 0.900589
6 0.307866 0.361147 0.0399931 0.049251 0.693535
1 0.615546 0.31452 0.0221037 0.0409257 0.693255
4 0.583954 0.0797709 0.0239498 0.0883555 0.56268
1 0.409263 0.351908 0.0965554 0.0606301 0.429756
2 0.541574 0.324658 0.0348276 0.0285372 0.388398
1 0.307971 0.363808 0.0377106 0.0496366 0.303975
6 0.426975 0.34775 0.0601831 0.0647679 0.294719
1 0.237206 0.306991 0.0171891 0.0238251 0.278268
1 0.643955 0.492581 0.31468 0.190973 0.959705
0 0.385771 0.374514 0.0571828 0.0686523 0.900589
6 0.307866 0.361147 0.0399931 0.049251 0.693535
1 0.615546 0.31452 0.0221037 0.0409257 0.693255
4 0.583954 0.0797709 0.0239498 0.0883555 0.56268
1 0.409263 0.351908 0.0965554 0.0606301 0.429756
2 0.541574 0.324658 0.0348276 0.0285372 0.388398
1 0.307971 0.363808 0.0377106 0.0496366 0.303975
6 0.426975 0.34775 0.0601831 0.0647679 0.294719
1 0.237206 0.306991 0.0171891 0.0238251 0.278268
1 0.643955 0.492581 0.31468 0.190973 0.959705
0 0.385771 0.374514 0.0571828 0.0686523 0.900589
6 0.307866 0.361147 0.0399931 0.049251 0.693535
1 0.615546 0.31452 0.0221037 0.0409257 0.693255
4 0.583954 0.0797709 0.0239498 0.0883555 0.56268
1 0.409263 0.351908 0.0965554 0.0606301 0.429756
2 0.541574 0.324658 0.0348276 0.0285372 0.388398
1 0.307971 0.363808 0.0377106 0.0496366 0.303975
6 0.426975 0.34775 0.0601831 0.0647679 0.294719
1 0.237206 0.306991 0.0171891 0.0238251 0.278268
1 0.643955 0.492581 0.31468 0.190973 0.959705
0 0.385771 0.374514 0.0571828 0.0686523 0.900589
6 0.307866 0.361147 0.0399931 0.049251 0.693535
1 0.615546 0.31452 0.0221037 0.0409257 0.693255
4 0.583954 0.0797709 0.0239498 0.0883555 0.56268
1 0.409263 0.351908 0.0965554 0.0606301 0.429756
2 0.541574 0.324658 0.0348276 0.0285372 0.388398
1 0.307971 0.363808 0.0377106 0.0496366 0.303975
6 0.426975 0.34775 0.0601831 0.0647679 0.294719
1 0.237206 0.306991 0.0171891 0.0238251 0.278268
