1 0.37037 0.361346 0.162188 0.719222 0.957392
1 0.654438 0.319009 0.116114 0.638018 0.940165
1 0.524933 0.411697 0.1928 0.812549 0.939796
1 0.446834 0.310022 0.0484648 0.620044 0.471777
1 0.37037 0.361346 0.162188 0.719222 0.957392
1 0.654438 0.319009 0.116114 0.638018 0.940165
1 0.524933 0.411697 0.1928 0.812549 0.939796
1 0.446834 0.310022 0.0484648 0.620044 0.471777
1 0.37037 0.361346 0.162188 0.719222 0.957392
1 0.654438 0.319009 0.116114 0.638018 0.940165
1 0.524933 0.411697 0.1928 0.812549 0.939796
1 0.446834 0.310022 0.0484648 0.620044 0.471777
1 0.37037 0.361346 0.162188 0.719222 0.957392
1 0.654438 0.319009 0.116114 0.638018 0.940165
1 0.524933 0.411697 0.1928 0.812549 0.939796
1 0.446834 0.310022 0.0484648 0.620044 0.471777
