1 0.265844 0.545649 0.529825 0.395038 0.969171
0 0.178226 0.34393 0.210847 0.182059 0.938595
6 0.843611 0.778169 0.31152 0.443662 0.933187
1 0.265844 0.545649 0.529825 0.395038 0.969171
0 0.178226 0.34393 0.210847 0.182059 0.938595
6 0.843611 0.778169 0.31152 0.443662 0.933187
1 0.265844 0.545649 0.529825 0.395038 0.969171
0 0.178226 0.34393 0.210847 0.182059 0.938595
6 0.843611 0.778169 0.31152 0.443662 0.933187
1 0.265844 0.545649 0.529825 0.395038 0.969171
0 0.178226 0.34393 0.210847 0.182059 0.938595
6 0.843611 0.778169 0.31152 0.443662 0.933187
