2 0.132909 0.292939 0.22403 0.192493 0.939947
0 0.33918 0.132662 0.0534577 0.265325 0.911587
0 0.507798 0.464259 0.278522 0.190567 0.910032
0 0.680929 0.289763 0.176695 0.102785 0.896229
0 0.404571 0.124239 0.0444751 0.248478 0.800142
2 0.132909 0.292939 0.22403 0.192493 0.939947
0 0.33918 0.132662 0.0534577 0.265325 0.911587
0 0.507798 0.464259 0.278522 0.190567 0.910032
0 0.680929 0.289763 0.176695 0.102785 0.896229
0 0.404571 0.124239 0.0444751 0.248478 0.800142
2 0.132909 0.292939 0.22403 0.192493 0.939947
0 0.33918 0.132662 0.0534577 0.265325 0.911587
0 0.507798 0.464259 0.278522 0.190567 0.910032
0 0.680929 0.289763 0.176695 0.102785 0.896229
0 0.404571 0.124239 0.0444751 0.248478 0.800142
2 0.132909 0.292939 0.22403 0.192493 0.939947
0 0.33918 0.132662 0.0534577 0.265325 0.911587
0 0.507798 0.464259 0.278522 0.190567 0.910032
0 0.680929 0.289763 0.176695 0.102785 0.896229
0 0.404571 0.124239 0.0444751 0.248478 0.800142
