0 0.648238 0.53671 0.44848 0.238941 0.952032
6 0.276747 0.16112 0.0597353 0.0498051 0.767833
6 0.804122 0.0225976 0.143693 0.0451951 0.761878
1 0.154069 0.0328334 0.0202583 0.0627141 0.732256
1 0.17058 0.0296009 0.0208729 0.0589791 0.677736
1 0.526374 0.0167699 0.036816 0.0324299 0.501892
1 0.143413 0.0341182 0.0173809 0.0666086 0.355893
0 0.209444 0.0182029 0.0192121 0.0342059 0.323
6 0.335971 0.137379 0.0282659 0.0433138 0.30968
2 0.336028 0.137693 0.0274417 0.0433986 0.250337
0 0.648238 0.53671 0.44848 0.238941 0.952032
6 0.276747 0.16112 0.0597353 0.0498051 0.767833
6 0.804122 0.0225976 0.143693 0.0451951 0.761878
1 0.154069 0.0328334 0.0202583 0.0627141 0.732256
1 0.17058 0.0296009 0.0208729 0.0589791 0.677736
1 0.526374 0.0167699 0.036816 0.0324299 0.501892
1 0.143413 0.0341182 0.0173809 0.0666086 0.355893
0 0.209444 0.0182029 0.0192121 0.0342059 0.323
6 0.335971 0.137379 0.0282659 0.0433138 0.30968
2 0.336028 0.137693 0.0274417 0.0433986 0.250337
0 0.648238 0.53671 0.44848 0.238941 0.952032
6 0.276747 0.16112 0.0597353 0.0498051 0.767833
6 0.804122 0.0225976 0.143693 0.0451951 0.761878
1 0.154069 0.0328334 0.0202583 0.0627141 0.732256
1 0.17058 0.0296009 0.0208729 0.0589791 0.677736
1 0.526374 0.0167699 0.036816 0.0324299 0.501892
1 0.143413 0.0341182 0.0173809 0.0666086 0.355893
0 0.209444 0.0182029 0.0192121 0.0342059 0.323
6 0.335971 0.137379 0.0282659 0.0433138 0.30968
2 0.336028 0.137693 0.0274417 0.0433986 0.250337
0 0.648238 0.53671 0.44848 0.238941 0.952032
6 0.276747 0.16112 0.0597353 0.0498051 0.767833
6 0.804122 0.0225976 0.143693 0.0451951 0.761878
1 0.154069 0.0328334 0.0202583 0.0627141 0.732256
1 0.17058 0.0296009 0.0208729 0.0589791 0.677736
1 0.526374 0.0167699 0.036816 0.0324299 0.501892
1 0.143413 0.0341182 0.0173809 0.0666086 0.355893
0 0.209444 0.0182029 0.0192121 0.0342059 0.323
6 0.335971 0.137379 0.0282659 0.0433138 0.30968
2 0.336028 0.137693 0.0274417 0.0433986 0.250337
