1 0.29256 0.186159 0.257049 0.37044 0.966251
1 0.437949 0.0949044 0.102844 0.187889 0.961504
1 0.5814 0.0921098 0.0951239 0.183828 0.959801
1 0.52144 0.357417 0.13737 0.310227 0.953675
0 0.232146 0.774083 0.301159 0.288691 0.943296
0 0.738333 0.360673 0.0688659 0.392252 0.901708
0 0.0679315 0.365695 0.135751 0.161663 0.799446
0 0.735023 0.462423 0.0612014 0.153333 0.359202
1 0.29256 0.186159 0.257049 0.37044 0.966251
1 0.437949 0.0949044 0.102844 0.187889 0.961504
1 0.5814 0.0921098 0.0951239 0.183828 0.959801
1 0.52144 0.357417 0.13737 0.310227 0.953675
0 0.232146 0.774083 0.301159 0.288691 0.943296
0 0.738333 0.360673 0.0688659 0.392252 0.901708
0 0.0679315 0.365695 0.135751 0.161663 0.799446
0 0.735023 0.462423 0.0612014 0.153333 0.359202
