1 0.544726 0.556977 0.0867624 0.309524 0.928539
0 0.427754 0.481383 0.0394329 0.105975 0.816952
0 0.241061 0.498123 0.0704239 0.0981348 0.765376
1 0.0816644 0.347719 0.0394485 0.02274 0.617394
0 0.164388 0.364943 0.0275106 0.026718 0.595316
1 0.0313399 0.403425 0.0608782 0.075707 0.584739
1 0.544726 0.556977 0.0867624 0.309524 0.928539
0 0.427754 0.481383 0.0394329 0.105975 0.816952
0 0.241061 0.498123 0.0704239 0.0981348 0.765376
1 0.0816644 0.347719 0.0394485 0.02274 0.617394
0 0.164388 0.364943 0.0275106 0.026718 0.595316
1 0.0313399 0.403425 0.0608782 0.075707 0.584739
1 0.544726 0.556977 0.0867624 0.309524 0.928539
0 0.427754 0.481383 0.0394329 0.105975 0.816952
0 0.241061 0.498123 0.0704239 0.0981348 0.765376
1 0.0816644 0.347719 0.0394485 0.02274 0.617394
0 0.164388 0.364943 0.0275106 0.026718 0.595316
1 0.0313399 0.403425 0.0608782 0.075707 0.584739
1 0.544726 0.556977 0.0867624 0.309524 0.928539
0 0.427754 0.481383 0.0394329 0.105975 0.816952
0 0.241061 0.498123 0.0704239 0.0981348 0.765376
1 0.0816644 0.347719 0.0394485 0.02274 0.617394
0 0.164388 0.364943 0.0275106 0.026718 0.595316
1 0.0313399 0.403425 0.0608782 0.075707 0.584739
