1 0.437612 0.542683 0.17604 0.352765 0.580607
1 0.558385 0.245016 0.18277 0.490031 0.551191
1 0.735658 0.235891 0.303559 0.469418 0.259699
1 0.437612 0.542683 0.17604 0.352765 0.580607
1 0.558385 0.245016 0.18277 0.490031 0.551191
1 0.735658 0.235891 0.303559 0.469418 0.259699
1 0.437612 0.542683 0.17604 0.352765 0.580607
1 0.558385 0.245016 0.18277 0.490031 0.551191
1 0.735658 0.235891 0.303559 0.469418 0.259699
1 0.437612 0.542683 0.17604 0.352765 0.580607
1 0.558385 0.245016 0.18277 0.490031 0.551191
1 0.735658 0.235891 0.303559 0.469418 0.259699
