1 0.290517 0.823944 0.399771 0.352111 0.933039
1 0.93397 0.24189 0.1192 0.127524 0.918881
2 0.433054 0.942356 0.160353 0.115287 0.796383
0 0.0843405 0.438691 0.0501232 0.0291887 0.776422
1 0.0562027 0.415893 0.084286 0.0542386 0.536506
0 0.0578884 0.430559 0.0912846 0.0317428 0.403122
1 0.290517 0.823944 0.399771 0.352111 0.933039
1 0.93397 0.24189 0.1192 0.127524 0.918881
2 0.433054 0.942356 0.160353 0.115287 0.796383
0 0.0843405 0.438691 0.0501232 0.0291887 0.776422
1 0.0562027 0.415893 0.084286 0.0542386 0.536506
0 0.0578884 0.430559 0.0912846 0.0317428 0.403122
