5 0.358057 0.14483 0.0169104 0.0492693 0.926422
0 0.291659 0.503665 0.579564 0.232352 0.905212
0 0.711251 0.470847 0.201964 0.0775024 0.881123
1 0.890068 0.440656 0.165029 0.0864383 0.804257
1 0.0316582 0.2963 0.0616734 0.511059 0.688663
0 0.0997947 0.069749 0.0913436 0.0641226 0.361235
5 0.358057 0.14483 0.0169104 0.0492693 0.926422
0 0.291659 0.503665 0.579564 0.232352 0.905212
0 0.711251 0.470847 0.201964 0.0775024 0.881123
1 0.890068 0.440656 0.165029 0.0864383 0.804257
1 0.0316582 0.2963 0.0616734 0.511059 0.688663
0 0.0997947 0.069749 0.0913436 0.0641226 0.361235
5 0.358057 0.14483 0.0169104 0.0492693 0.926422
0 0.291659 0.503665 0.579564 0.232352 0.905212
0 0.711251 0.470847 0.201964 0.0775024 0.881123
1 0.890068 0.440656 0.165029 0.0864383 0.804257
1 0.0316582 0.2963 0.0616734 0.511059 0.688663
0 0.0997947 0.069749 0.0913436 0.0641226 0.361235
5 0.358057 0.14483 0.0169104 0.0492693 0.926422
0 0.291659 0.503665 0.579564 0.232352 0.905212
0 0.711251 0.470847 0.201964 0.0775024 0.881123
1 0.890068 0.440656 0.165029 0.0864383 0.804257
1 0.0316582 0.2963 0.0616734 0.511059 0.688663
0 0.0997947 0.069749 0.0913436 0.0641226 0.361235
