0 0.580006 0.418106 0.113142 0.166276 0.93756
0 0.679796 0.269385 0.12689 0.161293 0.917446
1 0.724247 0.361409 0.0804281 0.12078 0.851972
6 0.582571 0.267271 0.0486467 0.0641602 0.620271
0 0.0383822 0.283665 0.0365994 0.0334938 0.59691
0 0.580006 0.418106 0.113142 0.166276 0.93756
0 0.679796 0.269385 0.12689 0.161293 0.917446
1 0.724247 0.361409 0.0804281 0.12078 0.851972
6 0.582571 0.267271 0.0486467 0.0641602 0.620271
0 0.0383822 0.283665 0.0365994 0.0334938 0.59691
0 0.580006 0.418106 0.113142 0.166276 0.93756
0 0.679796 0.269385 0.12689 0.161293 0.917446
1 0.724247 0.361409 0.0804281 0.12078 0.851972
6 0.582571 0.267271 0.0486467 0.0641602 0.620271
0 0.0383822 0.283665 0.0365994 0.0334938 0.59691
0 0.580006 0.418106 0.113142 0.166276 0.93756
0 0.679796 0.269385 0.12689 0.161293 0.917446
1 0.724247 0.361409 0.0804281 0.12078 0.851972
6 0.582571 0.267271 0.0486467 0.0641602 0.620271
0 0.0383822 0.283665 0.0365994 0.0334938 0.59691
