1 0.557712 0.15866 0.0731269 0.312344 0.950101
0 0.367434 0.293448 0.145796 0.582766 0.938598
0 0.0805025 0.246434 0.161005 0.492868 0.922559
0 0.449752 0.240845 0.104637 0.480698 0.904908
1 0.0346528 0.616664 0.0693057 0.305354 0.703535
0 0.104504 0.116095 0.0719445 0.0515266 0.5097
1 0.504058 0.125389 0.0391249 0.247245 0.453548
2 0.129354 0.0509853 0.0162471 0.0224018 0.403876
1 0.490727 0.124067 0.030803 0.246243 0.396599
1 0.557712 0.15866 0.0731269 0.312344 0.950101
0 0.367434 0.293448 0.145796 0.582766 0.938598
0 0.0805025 0.246434 0.161005 0.492868 0.922559
0 0.449752 0.240845 0.104637 0.480698 0.904908
1 0.0346528 0.616664 0.0693057 0.305354 0.703535
0 0.104504 0.116095 0.0719445 0.0515266 0.5097
1 0.504058 0.125389 0.0391249 0.247245 0.453548
2 0.129354 0.0509853 0.0162471 0.0224018 0.403876
1 0.490727 0.124067 0.030803 0.246243 0.396599
1 0.557712 0.15866 0.0731269 0.312344 0.950101
0 0.367434 0.293448 0.145796 0.582766 0.938598
0 0.0805025 0.246434 0.161005 0.492868 0.922559
0 0.449752 0.240845 0.104637 0.480698 0.904908
1 0.0346528 0.616664 0.0693057 0.305354 0.703535
0 0.104504 0.116095 0.0719445 0.0515266 0.5097
1 0.504058 0.125389 0.0391249 0.247245 0.453548
2 0.129354 0.0509853 0.0162471 0.0224018 0.403876
1 0.490727 0.124067 0.030803 0.246243 0.396599
1 0.557712 0.15866 0.0731269 0.312344 0.950101
0 0.367434 0.293448 0.145796 0.582766 0.938598
0 0.0805025 0.246434 0.161005 0.492868 0.922559
0 0.449752 0.240845 0.104637 0.480698 0.904908
1 0.0346528 0.616664 0.0693057 0.305354 0.703535
0 0.104504 0.116095 0.0719445 0.0515266 0.5097
1 0.504058 0.125389 0.0391249 0.247245 0.453548
2 0.129354 0.0509853 0.0162471 0.0224018 0.403876
1 0.490727 0.124067 0.030803 0.246243 0.396599
