1 0.609229 0.338588 0.136456 0.173669 0.964663
4 0.677906 0.176108 0.0167574 0.0460546 0.69824
3 0.317859 0.225557 0.0190291 0.0741423 0.657453
1 0.609229 0.338588 0.136456 0.173669 0.964663
4 0.677906 0.176108 0.0167574 0.0460546 0.69824
3 0.317859 0.225557 0.0190291 0.0741423 0.657453
1 0.609229 0.338588 0.136456 0.173669 0.964663
4 0.677906 0.176108 0.0167574 0.0460546 0.69824
3 0.317859 0.225557 0.0190291 0.0741423 0.657453
1 0.609229 0.338588 0.136456 0.173669 0.964663
4 0.677906 0.176108 0.0167574 0.0460546 0.69824
3 0.317859 0.225557 0.0190291 0.0741423 0.657453
