0 0.515915 0.613361 0.076825 0.183479 0.946566
0 0.657888 0.664019 0.121037 0.176573 0.937415
6 0.828199 0.417021 0.138248 0.308394 0.927437
1 0.942666 0.0557793 0.113362 0.108786 0.807375
6 0.754664 0.454565 0.0683245 0.34886 0.795687
0 0.515915 0.613361 0.076825 0.183479 0.946566
0 0.657888 0.664019 0.121037 0.176573 0.937415
6 0.828199 0.417021 0.138248 0.308394 0.927437
1 0.942666 0.0557793 0.113362 0.108786 0.807375
6 0.754664 0.454565 0.0683245 0.34886 0.795687
0 0.515915 0.613361 0.076825 0.183479 0.946566
0 0.657888 0.664019 0.121037 0.176573 0.937415
6 0.828199 0.417021 0.138248 0.308394 0.927437
1 0.942666 0.0557793 0.113362 0.108786 0.807375
6 0.754664 0.454565 0.0683245 0.34886 0.795687
0 0.515915 0.613361 0.076825 0.183479 0.946566
0 0.657888 0.664019 0.121037 0.176573 0.937415
6 0.828199 0.417021 0.138248 0.308394 0.927437
1 0.942666 0.0557793 0.113362 0.108786 0.807375
6 0.754664 0.454565 0.0683245 0.34886 0.795687
