0 0.449186 0.140564 0.118364 0.277041 0.960802
1 0.347115 0.0165736 0.0823479 0.0322815 0.90189
0 0.0244691 0.155138 0.0489381 0.310276 0.832059
0 0.516922 0.0782326 0.0273918 0.154653 0.724493
0 0.449186 0.140564 0.118364 0.277041 0.960802
1 0.347115 0.0165736 0.0823479 0.0322815 0.90189
0 0.0244691 0.155138 0.0489381 0.310276 0.832059
0 0.516922 0.0782326 0.0273918 0.154653 0.724493
0 0.449186 0.140564 0.118364 0.277041 0.960802
1 0.347115 0.0165736 0.0823479 0.0322815 0.90189
0 0.0244691 0.155138 0.0489381 0.310276 0.832059
0 0.516922 0.0782326 0.0273918 0.154653 0.724493
0 0.449186 0.140564 0.118364 0.277041 0.960802
1 0.347115 0.0165736 0.0823479 0.0322815 0.90189
0 0.0244691 0.155138 0.0489381 0.310276 0.832059
0 0.516922 0.0782326 0.0273918 0.154653 0.724493
