0 0.482837 0.302393 0.133271 0.439386 0.94991
2 0.0527308 0.0486106 0.0811896 0.094286 0.86255
0 0.0108165 0.0403374 0.021633 0.0463815 0.391664
0 0.482837 0.302393 0.133271 0.439386 0.94991
2 0.0527308 0.0486106 0.0811896 0.094286 0.86255
0 0.0108165 0.0403374 0.021633 0.0463815 0.391664
0 0.482837 0.302393 0.133271 0.439386 0.94991
2 0.0527308 0.0486106 0.0811896 0.094286 0.86255
0 0.0108165 0.0403374 0.021633 0.0463815 0.391664
0 0.482837 0.302393 0.133271 0.439386 0.94991
2 0.0527308 0.0486106 0.0811896 0.094286 0.86255
0 0.0108165 0.0403374 0.021633 0.0463815 0.391664
