0 0.499071 0.333682 0.0787695 0.59343 0.945009
1 0.768068 0.251889 0.0915345 0.430103 0.939612
0 0.882603 0.331322 0.139349 0.615317 0.934881
1 0.647998 0.254559 0.082531 0.455929 0.92645
1 0.602126 0.259926 0.0436951 0.415905 0.853317
4 0.38602 0.192463 0.0294626 0.107399 0.849505
0 0.83509 0.316179 0.094846 0.547811 0.319173
5 0.235797 0.218335 0.0114589 0.0357022 0.306206
0 0.499071 0.333682 0.0787695 0.59343 0.945009
1 0.768068 0.251889 0.0915345 0.430103 0.939612
0 0.882603 0.331322 0.139349 0.615317 0.934881
1 0.647998 0.254559 0.082531 0.455929 0.92645
1 0.602126 0.259926 0.0436951 0.415905 0.853317
4 0.38602 0.192463 0.0294626 0.107399 0.849505
0 0.83509 0.316179 0.094846 0.547811 0.319173
5 0.235797 0.218335 0.0114589 0.0357022 0.306206
0 0.499071 0.333682 0.0787695 0.59343 0.945009
1 0.768068 0.251889 0.0915345 0.430103 0.939612
0 0.882603 0.331322 0.139349 0.615317 0.934881
1 0.647998 0.254559 0.082531 0.455929 0.92645
1 0.602126 0.259926 0.0436951 0.415905 0.853317
4 0.38602 0.192463 0.0294626 0.107399 0.849505
0 0.83509 0.316179 0.094846 0.547811 0.319173
5 0.235797 0.218335 0.0114589 0.0357022 0.306206
0 0.499071 0.333682 0.0787695 0.59343 0.945009
1 0.768068 0.251889 0.0915345 0.430103 0.939612
0 0.882603 0.331322 0.139349 0.615317 0.934881
1 0.647998 0.254559 0.082531 0.455929 0.92645
1 0.602126 0.259926 0.0436951 0.415905 0.853317
4 0.38602 0.192463 0.0294626 0.107399 0.849505
0 0.83509 0.316179 0.094846 0.547811 0.319173
5 0.235797 0.218335 0.0114589 0.0357022 0.306206
