1 0.70747 0.852497 0.417453 0.295007 0.926052
4 0.135742 0.154445 0.0294327 0.0962011 0.784806
3 0.613529 0.172811 0.0176781 0.0351317 0.645221
3 0.604078 0.267363 0.0228455 0.0573632 0.343557
1 0.70747 0.852497 0.417453 0.295007 0.926052
4 0.135742 0.154445 0.0294327 0.0962011 0.784806
3 0.613529 0.172811 0.0176781 0.0351317 0.645221
3 0.604078 0.267363 0.0228455 0.0573632 0.343557
1 0.70747 0.852497 0.417453 0.295007 0.926052
4 0.135742 0.154445 0.0294327 0.0962011 0.784806
3 0.613529 0.172811 0.0176781 0.0351317 0.645221
3 0.604078 0.267363 0.0228455 0.0573632 0.343557
1 0.70747 0.852497 0.417453 0.295007 0.926052
4 0.135742 0.154445 0.0294327 0.0962011 0.784806
3 0.613529 0.172811 0.0176781 0.0351317 0.645221
3 0.604078 0.267363 0.0228455 0.0573632 0.343557
