2 0.572987 0.518809 0.174925 0.304733 0.967604
1 0.366765 0.309381 0.109114 0.109017 0.930394
5 0.348059 0.0153914 0.0147006 0.0307828 0.816799
6 0.116801 0.711677 0.23331 0.505228 0.78607
1 0.0242088 0.212096 0.0484175 0.0482821 0.691511
2 0.572987 0.518809 0.174925 0.304733 0.967604
1 0.366765 0.309381 0.109114 0.109017 0.930394
5 0.348059 0.0153914 0.0147006 0.0307828 0.816799
6 0.116801 0.711677 0.23331 0.505228 0.78607
1 0.0242088 0.212096 0.0484175 0.0482821 0.691511
2 0.572987 0.518809 0.174925 0.304733 0.967604
1 0.366765 0.309381 0.109114 0.109017 0.930394
5 0.348059 0.0153914 0.0147006 0.0307828 0.816799
6 0.116801 0.711677 0.23331 0.505228 0.78607
1 0.0242088 0.212096 0.0484175 0.0482821 0.691511
