0 0.548781 0.741922 0.168852 0.430657 0.946972
6 0.33913 0.144898 0.0342831 0.0803334 0.753833
3 0.918146 0.0274265 0.0350109 0.0535996 0.704499
6 0.232909 0.0140024 0.0625319 0.0274749 0.583167
0 0.548781 0.741922 0.168852 0.430657 0.946972
6 0.33913 0.144898 0.0342831 0.0803334 0.753833
3 0.918146 0.0274265 0.0350109 0.0535996 0.704499
6 0.232909 0.0140024 0.0625319 0.0274749 0.583167
0 0.548781 0.741922 0.168852 0.430657 0.946972
6 0.33913 0.144898 0.0342831 0.0803334 0.753833
3 0.918146 0.0274265 0.0350109 0.0535996 0.704499
6 0.232909 0.0140024 0.0625319 0.0274749 0.583167
0 0.548781 0.741922 0.168852 0.430657 0.946972
6 0.33913 0.144898 0.0342831 0.0803334 0.753833
3 0.918146 0.0274265 0.0350109 0.0535996 0.704499
6 0.232909 0.0140024 0.0625319 0.0274749 0.583167
