0 0.8661 0.105313 0.152566 0.207673 0.957713
0 0.526733 0.177881 0.120178 0.355761 0.957359
6 0.264436 0.910243 0.25387 0.179513 0.801551
0 0.789906 0.0499051 0.081638 0.0989499 0.757986
0 0.8661 0.105313 0.152566 0.207673 0.957713
0 0.526733 0.177881 0.120178 0.355761 0.957359
6 0.264436 0.910243 0.25387 0.179513 0.801551
0 0.789906 0.0499051 0.081638 0.0989499 0.757986
0 0.8661 0.105313 0.152566 0.207673 0.957713
0 0.526733 0.177881 0.120178 0.355761 0.957359
6 0.264436 0.910243 0.25387 0.179513 0.801551
0 0.789906 0.0499051 0.081638 0.0989499 0.757986
0 0.8661 0.105313 0.152566 0.207673 0.957713
0 0.526733 0.177881 0.120178 0.355761 0.957359
6 0.264436 0.910243 0.25387 0.179513 0.801551
0 0.789906 0.0499051 0.081638 0.0989499 0.757986
