0 0.53029 0.244754 0.0869278 0.488902 0.95608
2 0.45556 0.161128 0.0690536 0.109136 0.944378
1 0.834092 0.205947 0.17859 0.409747 0.909176
1 0.917028 0.159534 0.138992 0.318725 0.902864
0 0.287325 0.105428 0.0838175 0.067743 0.897091
6 0.0579473 0.304651 0.115331 0.151905 0.863469
1 0.963014 0.225837 0.0739715 0.451674 0.715788
0 0.931173 0.456601 0.136597 0.692069 0.636795
0 0.293883 0.00762682 0.0437385 0.0152536 0.355425
0 0.53029 0.244754 0.0869278 0.488902 0.95608
2 0.45556 0.161128 0.0690536 0.109136 0.944378
1 0.834092 0.205947 0.17859 0.409747 0.909176
1 0.917028 0.159534 0.138992 0.318725 0.902864
0 0.287325 0.105428 0.0838175 0.067743 0.897091
6 0.0579473 0.304651 0.115331 0.151905 0.863469
1 0.963014 0.225837 0.0739715 0.451674 0.715788
0 0.931173 0.456601 0.136597 0.692069 0.636795
0 0.293883 0.00762682 0.0437385 0.0152536 0.355425
