2 0.542003 0.424319 0.206119 0.272968 0.827294
2 0.830982 0.488957 0.084053 0.0528059 0.811438
2 0.201529 0.488271 0.0395452 0.051295 0.791511
0 0.666616 0.488618 0.0476032 0.0575056 0.664751
6 0.0641057 0.495826 0.0673189 0.0300864 0.412238
2 0.542003 0.424319 0.206119 0.272968 0.827294
2 0.830982 0.488957 0.084053 0.0528059 0.811438
2 0.201529 0.488271 0.0395452 0.051295 0.791511
0 0.666616 0.488618 0.0476032 0.0575056 0.664751
6 0.0641057 0.495826 0.0673189 0.0300864 0.412238
2 0.542003 0.424319 0.206119 0.272968 0.827294
2 0.830982 0.488957 0.084053 0.0528059 0.811438
2 0.201529 0.488271 0.0395452 0.051295 0.791511
0 0.666616 0.488618 0.0476032 0.0575056 0.664751
6 0.0641057 0.495826 0.0673189 0.0300864 0.412238
2 0.542003 0.424319 0.206119 0.272968 0.827294
2 0.830982 0.488957 0.084053 0.0528059 0.811438
2 0.201529 0.488271 0.0395452 0.051295 0.791511
0 0.666616 0.488618 0.0476032 0.0575056 0.664751
6 0.0641057 0.495826 0.0673189 0.0300864 0.412238
