0 0.228782 0.22569 0.230741 0.374213 0.970709
1 0.416795 0.407885 0.0966906 0.574895 0.940072
1 0.735363 0.537393 0.140878 0.542515 0.938703
0 0.746318 0.0377362 0.0722998 0.0672504 0.518872
1 0.287798 0.0179554 0.0686109 0.0353368 0.491029
0 0.228782 0.22569 0.230741 0.374213 0.970709
1 0.416795 0.407885 0.0966906 0.574895 0.940072
1 0.735363 0.537393 0.140878 0.542515 0.938703
0 0.746318 0.0377362 0.0722998 0.0672504 0.518872
1 0.287798 0.0179554 0.0686109 0.0353368 0.491029
0 0.228782 0.22569 0.230741 0.374213 0.970709
1 0.416795 0.407885 0.0966906 0.574895 0.940072
1 0.735363 0.537393 0.140878 0.542515 0.938703
0 0.746318 0.0377362 0.0722998 0.0672504 0.518872
1 0.287798 0.0179554 0.0686109 0.0353368 0.491029
0 0.228782 0.22569 0.230741 0.374213 0.970709
1 0.416795 0.407885 0.0966906 0.574895 0.940072
1 0.735363 0.537393 0.140878 0.542515 0.938703
0 0.746318 0.0377362 0.0722998 0.0672504 0.518872
1 0.287798 0.0179554 0.0686109 0.0353368 0.491029
