2 0.476979 0.385574 0.171487 0.16448 0.610323
6 0.0894783 0.413567 0.170384 0.108295 0.450839
4 0.532371 0.288039 0.0437683 0.0985313 0.297726
2 0.476979 0.385574 0.171487 0.16448 0.610323
6 0.0894783 0.413567 0.170384 0.108295 0.450839
4 0.532371 0.288039 0.0437683 0.0985313 0.297726
2 0.476979 0.385574 0.171487 0.16448 0.610323
6 0.0894783 0.413567 0.170384 0.108295 0.450839
4 0.532371 0.288039 0.0437683 0.0985313 0.297726
2 0.476979 0.385574 0.171487 0.16448 0.610323
6 0.0894783 0.413567 0.170384 0.108295 0.450839
4 0.532371 0.288039 0.0437683 0.0985313 0.297726
