1 0.375601 0.589376 0.185625 0.196729 0.949235
0 0.504256 0.35442 0.039422 0.0562191 0.774166
0 0.205956 0.421272 0.0360475 0.022576 0.625071
1 0.0660921 0.519501 0.0979052 0.0555942 0.564044
5 0.169678 0.223251 0.00963669 0.0217119 0.508004
6 0.0512515 0.575279 0.0395098 0.0399358 0.502847
3 0.792933 0.0245719 0.0254309 0.0458577 0.445625
1 0.375601 0.589376 0.185625 0.196729 0.949235
0 0.504256 0.35442 0.039422 0.0562191 0.774166
0 0.205956 0.421272 0.0360475 0.022576 0.625071
1 0.0660921 0.519501 0.0979052 0.0555942 0.564044
5 0.169678 0.223251 0.00963669 0.0217119 0.508004
6 0.0512515 0.575279 0.0395098 0.0399358 0.502847
3 0.792933 0.0245719 0.0254309 0.0458577 0.445625
1 0.375601 0.589376 0.185625 0.196729 0.949235
0 0.504256 0.35442 0.039422 0.0562191 0.774166
0 0.205956 0.421272 0.0360475 0.022576 0.625071
1 0.0660921 0.519501 0.0979052 0.0555942 0.564044
5 0.169678 0.223251 0.00963669 0.0217119 0.508004
6 0.0512515 0.575279 0.0395098 0.0399358 0.502847
3 0.792933 0.0245719 0.0254309 0.0458577 0.445625
1 0.375601 0.589376 0.185625 0.196729 0.949235
0 0.504256 0.35442 0.039422 0.0562191 0.774166
0 0.205956 0.421272 0.0360475 0.022576 0.625071
1 0.0660921 0.519501 0.0979052 0.0555942 0.564044
5 0.169678 0.223251 0.00963669 0.0217119 0.508004
6 0.0512515 0.575279 0.0395098 0.0399358 0.502847
3 0.792933 0.0245719 0.0254309 0.0458577 0.445625
