0 0.522168 0.254556 0.149562 0.507449 0.954597
0 0.102934 0.343821 0.205205 0.413537 0.939093
0 0.0763546 0.563897 0.152684 0.363516 0.875647
0 0.607798 0.73234 0.235298 0.527502 0.664607
0 0.522168 0.254556 0.149562 0.507449 0.954597
0 0.102934 0.343821 0.205205 0.413537 0.939093
0 0.0763546 0.563897 0.152684 0.363516 0.875647
0 0.607798 0.73234 0.235298 0.527502 0.664607
0 0.522168 0.254556 0.149562 0.507449 0.954597
0 0.102934 0.343821 0.205205 0.413537 0.939093
0 0.0763546 0.563897 0.152684 0.363516 0.875647
0 0.607798 0.73234 0.235298 0.527502 0.664607
0 0.522168 0.254556 0.149562 0.507449 0.954597
0 0.102934 0.343821 0.205205 0.413537 0.939093
0 0.0763546 0.563897 0.152684 0.363516 0.875647
0 0.607798 0.73234 0.235298 0.527502 0.664607
