1 0.161653 0.404186 0.222154 0.757106 0.95892
1 0.385699 0.385795 0.182889 0.758157 0.946728
1 0.281286 0.366267 0.14268 0.554016 0.896811
2 0.0762018 0.480772 0.0326034 0.0498105 0.834033
0 0.0696747 0.629211 0.136064 0.741577 0.814632
4 0.45687 0.256035 0.0283685 0.0991814 0.590634
0 0.0542771 0.369132 0.0190626 0.0203979 0.337916
1 0.161653 0.404186 0.222154 0.757106 0.95892
1 0.385699 0.385795 0.182889 0.758157 0.946728
1 0.281286 0.366267 0.14268 0.554016 0.896811
2 0.0762018 0.480772 0.0326034 0.0498105 0.834033
0 0.0696747 0.629211 0.136064 0.741577 0.814632
4 0.45687 0.256035 0.0283685 0.0991814 0.590634
0 0.0542771 0.369132 0.0190626 0.0203979 0.337916
