1 0.818229 0.199353 0.152726 0.0842639 0.891374
0 0.498177 0.355856 0.264812 0.167114 0.881917
4 0.838622 0.0598738 0.0509865 0.114613 0.778704
5 0.577809 0.113739 0.0147814 0.0438013 0.715908
6 0.104646 0.231756 0.142478 0.0679063 0.638946
1 0.818229 0.199353 0.152726 0.0842639 0.891374
0 0.498177 0.355856 0.264812 0.167114 0.881917
4 0.838622 0.0598738 0.0509865 0.114613 0.778704
5 0.577809 0.113739 0.0147814 0.0438013 0.715908
6 0.104646 0.231756 0.142478 0.0679063 0.638946
1 0.818229 0.199353 0.152726 0.0842639 0.891374
0 0.498177 0.355856 0.264812 0.167114 0.881917
4 0.838622 0.0598738 0.0509865 0.114613 0.778704
5 0.577809 0.113739 0.0147814 0.0438013 0.715908
6 0.104646 0.231756 0.142478 0.0679063 0.638946
1 0.818229 0.199353 0.152726 0.0842639 0.891374
0 0.498177 0.355856 0.264812 0.167114 0.881917
4 0.838622 0.0598738 0.0509865 0.114613 0.778704
5 0.577809 0.113739 0.0147814 0.0438013 0.715908
6 0.104646 0.231756 0.142478 0.0679063 0.638946
