2 0.36979 0.467774 0.347952 0.333789 0.982515
1 0.721426 0.657502 0.19652 0.684985 0.967672
6 0.316552 0.965272 0.0753731 0.0694556 0.268129
2 0.36979 0.467774 0.347952 0.333789 0.982515
1 0.721426 0.657502 0.19652 0.684985 0.967672
6 0.316552 0.965272 0.0753731 0.0694556 0.268129
2 0.36979 0.467774 0.347952 0.333789 0.982515
1 0.721426 0.657502 0.19652 0.684985 0.967672
6 0.316552 0.965272 0.0753731 0.0694556 0.268129
2 0.36979 0.467774 0.347952 0.333789 0.982515
1 0.721426 0.657502 0.19652 0.684985 0.967672
6 0.316552 0.965272 0.0753731 0.0694556 0.268129
