0 0.0979514 0.691634 0.193979 0.616731 0.930806
0 0.472836 0.194519 0.0964753 0.386822 0.923311
0 0.544346 0.152863 0.042897 0.300606 0.699925
0 0.415325 0.0802591 0.0384655 0.156439 0.662392
1 0.416058 0.0797414 0.0385419 0.15862 0.376394
0 0.0979514 0.691634 0.193979 0.616731 0.930806
0 0.472836 0.194519 0.0964753 0.386822 0.923311
0 0.544346 0.152863 0.042897 0.300606 0.699925
0 0.415325 0.0802591 0.0384655 0.156439 0.662392
1 0.416058 0.0797414 0.0385419 0.15862 0.376394
0 0.0979514 0.691634 0.193979 0.616731 0.930806
0 0.472836 0.194519 0.0964753 0.386822 0.923311
0 0.544346 0.152863 0.042897 0.300606 0.699925
0 0.415325 0.0802591 0.0384655 0.156439 0.662392
1 0.416058 0.0797414 0.0385419 0.15862 0.376394
0 0.0979514 0.691634 0.193979 0.616731 0.930806
0 0.472836 0.194519 0.0964753 0.386822 0.923311
0 0.544346 0.152863 0.042897 0.300606 0.699925
0 0.415325 0.0802591 0.0384655 0.156439 0.662392
1 0.416058 0.0797414 0.0385419 0.15862 0.376394
