5 0.438115 0.382801 0.123745 0.176983 0.842914
3 0.53211 0.337772 0.0740183 0.0984392 0.824673
4 0.46807 0.149498 0.397478 0.298996 0.328595
5 0.438115 0.382801 0.123745 0.176983 0.842914
3 0.53211 0.337772 0.0740183 0.0984392 0.824673
4 0.46807 0.149498 0.397478 0.298996 0.328595
5 0.438115 0.382801 0.123745 0.176983 0.842914
3 0.53211 0.337772 0.0740183 0.0984392 0.824673
4 0.46807 0.149498 0.397478 0.298996 0.328595
5 0.438115 0.382801 0.123745 0.176983 0.842914
3 0.53211 0.337772 0.0740183 0.0984392 0.824673
4 0.46807 0.149498 0.397478 0.298996 0.328595
