6 0.466324 0.540671 0.155857 0.291826 0.929683
2 0.969749 0.0557194 0.0605015 0.0879619 0.889673
1 0.726941 0.0801988 0.127527 0.0772348 0.875753
0 0.89704 0.0769534 0.037347 0.0794885 0.822824
6 0.466324 0.540671 0.155857 0.291826 0.929683
2 0.969749 0.0557194 0.0605015 0.0879619 0.889673
1 0.726941 0.0801988 0.127527 0.0772348 0.875753
0 0.89704 0.0769534 0.037347 0.0794885 0.822824
6 0.466324 0.540671 0.155857 0.291826 0.929683
2 0.969749 0.0557194 0.0605015 0.0879619 0.889673
1 0.726941 0.0801988 0.127527 0.0772348 0.875753
0 0.89704 0.0769534 0.037347 0.0794885 0.822824
6 0.466324 0.540671 0.155857 0.291826 0.929683
2 0.969749 0.0557194 0.0605015 0.0879619 0.889673
1 0.726941 0.0801988 0.127527 0.0772348 0.875753
0 0.89704 0.0769534 0.037347 0.0794885 0.822824
