0 0.428591 0.872129 0.258451 0.255741 0.949059
0 0.964458 0.603627 0.034343 0.122617 0.907007
4 0.855475 0.365675 0.0263844 0.0717663 0.525561
0 0.580979 0.499895 0.0199848 0.0255183 0.368858
0 0.428591 0.872129 0.258451 0.255741 0.949059
0 0.964458 0.603627 0.034343 0.122617 0.907007
4 0.855475 0.365675 0.0263844 0.0717663 0.525561
0 0.580979 0.499895 0.0199848 0.0255183 0.368858
0 0.428591 0.872129 0.258451 0.255741 0.949059
0 0.964458 0.603627 0.034343 0.122617 0.907007
4 0.855475 0.365675 0.0263844 0.0717663 0.525561
0 0.580979 0.499895 0.0199848 0.0255183 0.368858
0 0.428591 0.872129 0.258451 0.255741 0.949059
0 0.964458 0.603627 0.034343 0.122617 0.907007
4 0.855475 0.365675 0.0263844 0.0717663 0.525561
0 0.580979 0.499895 0.0199848 0.0255183 0.368858
