6 0.774102 0.587685 0.451796 0.242507 0.886687
5 0.0422629 0.260269 0.0150902 0.0364143 0.727363
1 0.188721 0.436936 0.0336099 0.0325668 0.447975
0 0.18853 0.436507 0.0339321 0.032241 0.413161
2 0.144152 0.441955 0.0228838 0.0449585 0.289413
0 0.158584 0.364229 0.0277606 0.0233786 0.257691
6 0.774102 0.587685 0.451796 0.242507 0.886687
5 0.0422629 0.260269 0.0150902 0.0364143 0.727363
1 0.188721 0.436936 0.0336099 0.0325668 0.447975
0 0.18853 0.436507 0.0339321 0.032241 0.413161
2 0.144152 0.441955 0.0228838 0.0449585 0.289413
0 0.158584 0.364229 0.0277606 0.0233786 0.257691
6 0.774102 0.587685 0.451796 0.242507 0.886687
5 0.0422629 0.260269 0.0150902 0.0364143 0.727363
1 0.188721 0.436936 0.0336099 0.0325668 0.447975
0 0.18853 0.436507 0.0339321 0.032241 0.413161
2 0.144152 0.441955 0.0228838 0.0449585 0.289413
0 0.158584 0.364229 0.0277606 0.0233786 0.257691
6 0.774102 0.587685 0.451796 0.242507 0.886687
5 0.0422629 0.260269 0.0150902 0.0364143 0.727363
1 0.188721 0.436936 0.0336099 0.0325668 0.447975
0 0.18853 0.436507 0.0339321 0.032241 0.413161
2 0.144152 0.441955 0.0228838 0.0449585 0.289413
0 0.158584 0.364229 0.0277606 0.0233786 0.257691
