0 0.69966 0.642359 0.600679 0.412599 0.835152
0 0.582981 0.130459 0.074074 0.0562418 0.446245
1 0.702592 0.631466 0.594815 0.413046 0.325315
0 0.69966 0.642359 0.600679 0.412599 0.835152
0 0.582981 0.130459 0.074074 0.0562418 0.446245
1 0.702592 0.631466 0.594815 0.413046 0.325315
0 0.69966 0.642359 0.600679 0.412599 0.835152
0 0.582981 0.130459 0.074074 0.0562418 0.446245
1 0.702592 0.631466 0.594815 0.413046 0.325315
0 0.69966 0.642359 0.600679 0.412599 0.835152
0 0.582981 0.130459 0.074074 0.0562418 0.446245
1 0.702592 0.631466 0.594815 0.413046 0.325315
