1 0.840454 0.189459 0.0755631 0.0535311 0.884422
6 0.328348 0.415092 0.255064 0.133732 0.860197
0 0.485049 0.234807 0.0522688 0.046784 0.774401
6 0.20936 0.2512 0.0305993 0.0505537 0.751142
1 0.840454 0.189459 0.0755631 0.0535311 0.884422
6 0.328348 0.415092 0.255064 0.133732 0.860197
0 0.485049 0.234807 0.0522688 0.046784 0.774401
6 0.20936 0.2512 0.0305993 0.0505537 0.751142
1 0.840454 0.189459 0.0755631 0.0535311 0.884422
6 0.328348 0.415092 0.255064 0.133732 0.860197
0 0.485049 0.234807 0.0522688 0.046784 0.774401
6 0.20936 0.2512 0.0305993 0.0505537 0.751142
1 0.840454 0.189459 0.0755631 0.0535311 0.884422
6 0.328348 0.415092 0.255064 0.133732 0.860197
0 0.485049 0.234807 0.0522688 0.046784 0.774401
6 0.20936 0.2512 0.0305993 0.0505537 0.751142
