0 0.499951 0.257514 0.113655 0.515027 0.937797
0 0.422095 0.167313 0.0817823 0.33345 0.913961
0 0.333423 0.108991 0.0944543 0.216422 0.906354
1 0.0803657 0.502126 0.160731 0.527594 0.796757
0 0.499951 0.257514 0.113655 0.515027 0.937797
0 0.422095 0.167313 0.0817823 0.33345 0.913961
0 0.333423 0.108991 0.0944543 0.216422 0.906354
1 0.0803657 0.502126 0.160731 0.527594 0.796757
0 0.499951 0.257514 0.113655 0.515027 0.937797
0 0.422095 0.167313 0.0817823 0.33345 0.913961
0 0.333423 0.108991 0.0944543 0.216422 0.906354
1 0.0803657 0.502126 0.160731 0.527594 0.796757
0 0.499951 0.257514 0.113655 0.515027 0.937797
0 0.422095 0.167313 0.0817823 0.33345 0.913961
0 0.333423 0.108991 0.0944543 0.216422 0.906354
1 0.0803657 0.502126 0.160731 0.527594 0.796757
