0 0.688638 0.334489 0.260061 0.668978 0.972794
0 0.5457 0.385901 0.244427 0.771801 0.961943
1 0.0334685 0.0582081 0.0651081 0.116416 0.884042
0 0.688638 0.334489 0.260061 0.668978 0.972794
0 0.5457 0.385901 0.244427 0.771801 0.961943
1 0.0334685 0.0582081 0.0651081 0.116416 0.884042
0 0.688638 0.334489 0.260061 0.668978 0.972794
0 0.5457 0.385901 0.244427 0.771801 0.961943
1 0.0334685 0.0582081 0.0651081 0.116416 0.884042
0 0.688638 0.334489 0.260061 0.668978 0.972794
0 0.5457 0.385901 0.244427 0.771801 0.961943
1 0.0334685 0.0582081 0.0651081 0.116416 0.884042
