1 0.809465 0.360578 0.249875 0.719869 0.980968
0 0.238114 0.498641 0.322928 0.997283 0.975673
0 0.534751 0.499954 0.191872 0.995264 0.964175
1 0.711554 0.248962 0.11048 0.497925 0.919824
0 0.0611797 0.338764 0.122359 0.67268 0.90832
2 0.316142 0.198311 0.028533 0.0634023 0.851632
1 0.618272 0.245731 0.0867165 0.491463 0.785433
2 0.404368 0.13321 0.048972 0.0299776 0.545135
0 0.36516 0.593952 0.065842 0.812097 0.275138
1 0.503049 0.112955 0.0530329 0.22188 0.257159
1 0.58193 0.134359 0.0335995 0.268207 0.256621
1 0.809465 0.360578 0.249875 0.719869 0.980968
0 0.238114 0.498641 0.322928 0.997283 0.975673
0 0.534751 0.499954 0.191872 0.995264 0.964175
1 0.711554 0.248962 0.11048 0.497925 0.919824
0 0.0611797 0.338764 0.122359 0.67268 0.90832
2 0.316142 0.198311 0.028533 0.0634023 0.851632
1 0.618272 0.245731 0.0867165 0.491463 0.785433
2 0.404368 0.13321 0.048972 0.0299776 0.545135
0 0.36516 0.593952 0.065842 0.812097 0.275138
1 0.503049 0.112955 0.0530329 0.22188 0.257159
1 0.58193 0.134359 0.0335995 0.268207 0.256621
