1 0.863714 0.615473 0.18435 0.23519 0.963162
2 0.617539 0.607907 0.191739 0.330121 0.932923
1 0.247571 0.324061 0.0177966 0.109014 0.730072
0 0.233396 0.408089 0.117855 0.0521754 0.676853
1 0.221234 0.320751 0.0191673 0.104314 0.569619
4 0.413481 0.286906 0.0142801 0.0454265 0.49201
1 0.279916 0.325038 0.0156928 0.118308 0.485875
3 0.781933 0.328162 0.0072073 0.0206735 0.450264
1 0.295497 0.332733 0.0196743 0.110234 0.446481
1 0.232359 0.322183 0.017763 0.106734 0.411814
1 0.30786 0.330644 0.0153232 0.11528 0.36982
0 0.310566 0.342057 0.0150281 0.0906817 0.352024
5 0.495424 0.281886 0.0093256 0.0267641 0.321509
1 0.209613 0.314213 0.0150196 0.111389 0.252626
1 0.863714 0.615473 0.18435 0.23519 0.963162
2 0.617539 0.607907 0.191739 0.330121 0.932923
1 0.247571 0.324061 0.0177966 0.109014 0.730072
0 0.233396 0.408089 0.117855 0.0521754 0.676853
1 0.221234 0.320751 0.0191673 0.104314 0.569619
4 0.413481 0.286906 0.0142801 0.0454265 0.49201
1 0.279916 0.325038 0.0156928 0.118308 0.485875
3 0.781933 0.328162 0.0072073 0.0206735 0.450264
1 0.295497 0.332733 0.0196743 0.110234 0.446481
1 0.232359 0.322183 0.017763 0.106734 0.411814
1 0.30786 0.330644 0.0153232 0.11528 0.36982
0 0.310566 0.342057 0.0150281 0.0906817 0.352024
5 0.495424 0.281886 0.0093256 0.0267641 0.321509
1 0.209613 0.314213 0.0150196 0.111389 0.252626
1 0.863714 0.615473 0.18435 0.23519 0.963162
2 0.617539 0.607907 0.191739 0.330121 0.932923
1 0.247571 0.324061 0.0177966 0.109014 0.730072
0 0.233396 0.408089 0.117855 0.0521754 0.676853
1 0.221234 0.320751 0.0191673 0.104314 0.569619
4 0.413481 0.286906 0.0142801 0.0454265 0.49201
1 0.279916 0.325038 0.0156928 0.118308 0.485875
3 0.781933 0.328162 0.0072073 0.0206735 0.450264
1 0.295497 0.332733 0.0196743 0.110234 0.446481
1 0.232359 0.322183 0.017763 0.106734 0.411814
1 0.30786 0.330644 0.0153232 0.11528 0.36982
0 0.310566 0.342057 0.0150281 0.0906817 0.352024
5 0.495424 0.281886 0.0093256 0.0267641 0.321509
1 0.209613 0.314213 0.0150196 0.111389 0.252626
1 0.863714 0.615473 0.18435 0.23519 0.963162
2 0.617539 0.607907 0.191739 0.330121 0.932923
1 0.247571 0.324061 0.0177966 0.109014 0.730072
0 0.233396 0.408089 0.117855 0.0521754 0.676853
1 0.221234 0.320751 0.0191673 0.104314 0.569619
4 0.413481 0.286906 0.0142801 0.0454265 0.49201
1 0.279916 0.325038 0.0156928 0.118308 0.485875
3 0.781933 0.328162 0.0072073 0.0206735 0.450264
1 0.295497 0.332733 0.0196743 0.110234 0.446481
1 0.232359 0.322183 0.017763 0.106734 0.411814
1 0.30786 0.330644 0.0153232 0.11528 0.36982
0 0.310566 0.342057 0.0150281 0.0906817 0.352024
5 0.495424 0.281886 0.0093256 0.0267641 0.321509
1 0.209613 0.314213 0.0150196 0.111389 0.252626
