1 0.689355 0.129129 0.154169 0.0852312 0.879011
0 0.634717 0.31395 0.623581 0.314863 0.778148
2 0.566316 0.119884 0.0495581 0.0456191 0.676777
5 0.492637 0.0399111 0.0178665 0.0544845 0.626519
4 0.732816 0.025357 0.0239697 0.0507139 0.600246
1 0.689355 0.129129 0.154169 0.0852312 0.879011
0 0.634717 0.31395 0.623581 0.314863 0.778148
2 0.566316 0.119884 0.0495581 0.0456191 0.676777
5 0.492637 0.0399111 0.0178665 0.0544845 0.626519
4 0.732816 0.025357 0.0239697 0.0507139 0.600246
1 0.689355 0.129129 0.154169 0.0852312 0.879011
0 0.634717 0.31395 0.623581 0.314863 0.778148
2 0.566316 0.119884 0.0495581 0.0456191 0.676777
5 0.492637 0.0399111 0.0178665 0.0544845 0.626519
4 0.732816 0.025357 0.0239697 0.0507139 0.600246
1 0.689355 0.129129 0.154169 0.0852312 0.879011
0 0.634717 0.31395 0.623581 0.314863 0.778148
2 0.566316 0.119884 0.0495581 0.0456191 0.676777
5 0.492637 0.0399111 0.0178665 0.0544845 0.626519
4 0.732816 0.025357 0.0239697 0.0507139 0.600246
