0 0.465689 0.369618 0.128487 0.134989 0.944241
0 0.699759 0.340623 0.0252535 0.0291856 0.593571
2 0.595451 0.329896 0.0430716 0.0389978 0.521121
1 0.762732 0.333507 0.0664009 0.0276797 0.494314
4 0.454906 0.202395 0.0148197 0.0473092 0.408392
5 0.124477 0.25776 0.016033 0.0286707 0.34123
0 0.465689 0.369618 0.128487 0.134989 0.944241
0 0.699759 0.340623 0.0252535 0.0291856 0.593571
2 0.595451 0.329896 0.0430716 0.0389978 0.521121
1 0.762732 0.333507 0.0664009 0.0276797 0.494314
4 0.454906 0.202395 0.0148197 0.0473092 0.408392
5 0.124477 0.25776 0.016033 0.0286707 0.34123
0 0.465689 0.369618 0.128487 0.134989 0.944241
0 0.699759 0.340623 0.0252535 0.0291856 0.593571
2 0.595451 0.329896 0.0430716 0.0389978 0.521121
1 0.762732 0.333507 0.0664009 0.0276797 0.494314
4 0.454906 0.202395 0.0148197 0.0473092 0.408392
5 0.124477 0.25776 0.016033 0.0286707 0.34123
0 0.465689 0.369618 0.128487 0.134989 0.944241
0 0.699759 0.340623 0.0252535 0.0291856 0.593571
2 0.595451 0.329896 0.0430716 0.0389978 0.521121
1 0.762732 0.333507 0.0664009 0.0276797 0.494314
4 0.454906 0.202395 0.0148197 0.0473092 0.408392
5 0.124477 0.25776 0.016033 0.0286707 0.34123
