1 0.655491 0.120113 0.137136 0.0771887 0.886357
1 0.350643 0.120734 0.0808701 0.054612 0.874469
1 0.478458 0.181777 0.0746557 0.050084 0.836248
6 0.337211 0.193316 0.133531 0.0962354 0.717063
0 0.769883 0.0385914 0.0311023 0.0771829 0.6999
0 0.408494 0.0958918 0.0365006 0.0273133 0.663554
6 0.0707104 0.175521 0.0423538 0.054176 0.617966
0 0.215498 0.0954082 0.0231232 0.0431229 0.406156
4 0.202355 0.0208615 0.0251301 0.0417231 0.345718
1 0.655491 0.120113 0.137136 0.0771887 0.886357
1 0.350643 0.120734 0.0808701 0.054612 0.874469
1 0.478458 0.181777 0.0746557 0.050084 0.836248
6 0.337211 0.193316 0.133531 0.0962354 0.717063
0 0.769883 0.0385914 0.0311023 0.0771829 0.6999
0 0.408494 0.0958918 0.0365006 0.0273133 0.663554
6 0.0707104 0.175521 0.0423538 0.054176 0.617966
0 0.215498 0.0954082 0.0231232 0.0431229 0.406156
4 0.202355 0.0208615 0.0251301 0.0417231 0.345718
