1 0.710677 0.804865 0.305768 0.3855 0.979819
1 0.135755 0.346578 0.27151 0.693156 0.979579
0 0.855476 0.168547 0.165262 0.334328 0.974064
1 0.341123 0.334858 0.230134 0.669716 0.962648
1 0.498469 0.223543 0.130711 0.447086 0.957353
0 0.575264 0.0923302 0.0390821 0.18466 0.858915
1 0.710677 0.804865 0.305768 0.3855 0.979819
1 0.135755 0.346578 0.27151 0.693156 0.979579
0 0.855476 0.168547 0.165262 0.334328 0.974064
1 0.341123 0.334858 0.230134 0.669716 0.962648
1 0.498469 0.223543 0.130711 0.447086 0.957353
0 0.575264 0.0923302 0.0390821 0.18466 0.858915
1 0.710677 0.804865 0.305768 0.3855 0.979819
1 0.135755 0.346578 0.27151 0.693156 0.979579
0 0.855476 0.168547 0.165262 0.334328 0.974064
1 0.341123 0.334858 0.230134 0.669716 0.962648
1 0.498469 0.223543 0.130711 0.447086 0.957353
0 0.575264 0.0923302 0.0390821 0.18466 0.858915
1 0.710677 0.804865 0.305768 0.3855 0.979819
1 0.135755 0.346578 0.27151 0.693156 0.979579
0 0.855476 0.168547 0.165262 0.334328 0.974064
1 0.341123 0.334858 0.230134 0.669716 0.962648
1 0.498469 0.223543 0.130711 0.447086 0.957353
0 0.575264 0.0923302 0.0390821 0.18466 0.858915
