0 0.280452 0.307535 0.027136 0.111347 0.901538
6 0.442592 0.720555 0.124418 0.185559 0.8779
1 0.168072 0.338594 0.0581253 0.172118 0.85317
0 0.213494 0.317595 0.0315821 0.122519 0.838402
5 0.217705 0.130237 0.0105105 0.0277783 0.72294
1 0.119701 0.352395 0.0666215 0.184655 0.689759
4 0.897708 0.0469007 0.0308086 0.0913578 0.668588
3 0.232091 0.151243 0.00913191 0.0154309 0.636012
4 0.10494 0.169885 0.0382105 0.0546623 0.628605
1 0.140184 0.34904 0.0361676 0.173577 0.507297
0 0.987297 0.228587 0.0252216 0.0347835 0.322852
1 0.102259 0.322393 0.0280971 0.115172 0.296736
2 0.499023 0.248844 0.0282127 0.0228182 0.287546
1 0.187311 0.327902 0.0245856 0.148127 0.253825
0 0.280452 0.307535 0.027136 0.111347 0.901538
6 0.442592 0.720555 0.124418 0.185559 0.8779
1 0.168072 0.338594 0.0581253 0.172118 0.85317
0 0.213494 0.317595 0.0315821 0.122519 0.838402
5 0.217705 0.130237 0.0105105 0.0277783 0.72294
1 0.119701 0.352395 0.0666215 0.184655 0.689759
4 0.897708 0.0469007 0.0308086 0.0913578 0.668588
3 0.232091 0.151243 0.00913191 0.0154309 0.636012
4 0.10494 0.169885 0.0382105 0.0546623 0.628605
1 0.140184 0.34904 0.0361676 0.173577 0.507297
0 0.987297 0.228587 0.0252216 0.0347835 0.322852
1 0.102259 0.322393 0.0280971 0.115172 0.296736
2 0.499023 0.248844 0.0282127 0.0228182 0.287546
1 0.187311 0.327902 0.0245856 0.148127 0.253825
0 0.280452 0.307535 0.027136 0.111347 0.901538
6 0.442592 0.720555 0.124418 0.185559 0.8779
1 0.168072 0.338594 0.0581253 0.172118 0.85317
0 0.213494 0.317595 0.0315821 0.122519 0.838402
5 0.217705 0.130237 0.0105105 0.0277783 0.72294
1 0.119701 0.352395 0.0666215 0.184655 0.689759
4 0.897708 0.0469007 0.0308086 0.0913578 0.668588
3 0.232091 0.151243 0.00913191 0.0154309 0.636012
4 0.10494 0.169885 0.0382105 0.0546623 0.628605
1 0.140184 0.34904 0.0361676 0.173577 0.507297
0 0.987297 0.228587 0.0252216 0.0347835 0.322852
1 0.102259 0.322393 0.0280971 0.115172 0.296736
2 0.499023 0.248844 0.0282127 0.0228182 0.287546
1 0.187311 0.327902 0.0245856 0.148127 0.253825
0 0.280452 0.307535 0.027136 0.111347 0.901538
6 0.442592 0.720555 0.124418 0.185559 0.8779
1 0.168072 0.338594 0.0581253 0.172118 0.85317
0 0.213494 0.317595 0.0315821 0.122519 0.838402
5 0.217705 0.130237 0.0105105 0.0277783 0.72294
1 0.119701 0.352395 0.0666215 0.184655 0.689759
4 0.897708 0.0469007 0.0308086 0.0913578 0.668588
3 0.232091 0.151243 0.00913191 0.0154309 0.636012
4 0.10494 0.169885 0.0382105 0.0546623 0.628605
1 0.140184 0.34904 0.0361676 0.173577 0.507297
0 0.987297 0.228587 0.0252216 0.0347835 0.322852
1 0.102259 0.322393 0.0280971 0.115172 0.296736
2 0.499023 0.248844 0.0282127 0.0228182 0.287546
1 0.187311 0.327902 0.0245856 0.148127 0.253825
