0 0.545186 0.41483 0.0833233 0.108941 0.955656
6 0.911971 0.479603 0.176058 0.195639 0.879767
3 0.406642 0.21943 0.00763769 0.0245225 0.753075
4 0.842146 0.216178 0.0437757 0.137599 0.733312
0 0.545186 0.41483 0.0833233 0.108941 0.955656
6 0.911971 0.479603 0.176058 0.195639 0.879767
3 0.406642 0.21943 0.00763769 0.0245225 0.753075
4 0.842146 0.216178 0.0437757 0.137599 0.733312
0 0.545186 0.41483 0.0833233 0.108941 0.955656
6 0.911971 0.479603 0.176058 0.195639 0.879767
3 0.406642 0.21943 0.00763769 0.0245225 0.753075
4 0.842146 0.216178 0.0437757 0.137599 0.733312
0 0.545186 0.41483 0.0833233 0.108941 0.955656
6 0.911971 0.479603 0.176058 0.195639 0.879767
3 0.406642 0.21943 0.00763769 0.0245225 0.753075
4 0.842146 0.216178 0.0437757 0.137599 0.733312
