0 0.560387 0.569608 0.208925 0.246476 0.972744
1 0.183814 0.302456 0.10949 0.0757667 0.856052
1 0.258847 0.26153 0.0439734 0.0355818 0.684169
2 0.0318506 0.706802 0.0637011 0.386342 0.680957
5 0.384778 0.152345 0.0113052 0.0284994 0.473913
0 0.450862 0.308623 0.0255359 0.0368885 0.398745
0 0.282858 0.249453 0.0138907 0.0177759 0.366083
0 0.560387 0.569608 0.208925 0.246476 0.972744
1 0.183814 0.302456 0.10949 0.0757667 0.856052
1 0.258847 0.26153 0.0439734 0.0355818 0.684169
2 0.0318506 0.706802 0.0637011 0.386342 0.680957
5 0.384778 0.152345 0.0113052 0.0284994 0.473913
0 0.450862 0.308623 0.0255359 0.0368885 0.398745
0 0.282858 0.249453 0.0138907 0.0177759 0.366083
0 0.560387 0.569608 0.208925 0.246476 0.972744
1 0.183814 0.302456 0.10949 0.0757667 0.856052
1 0.258847 0.26153 0.0439734 0.0355818 0.684169
2 0.0318506 0.706802 0.0637011 0.386342 0.680957
5 0.384778 0.152345 0.0113052 0.0284994 0.473913
0 0.450862 0.308623 0.0255359 0.0368885 0.398745
0 0.282858 0.249453 0.0138907 0.0177759 0.366083
0 0.560387 0.569608 0.208925 0.246476 0.972744
1 0.183814 0.302456 0.10949 0.0757667 0.856052
1 0.258847 0.26153 0.0439734 0.0355818 0.684169
2 0.0318506 0.706802 0.0637011 0.386342 0.680957
5 0.384778 0.152345 0.0113052 0.0284994 0.473913
0 0.450862 0.308623 0.0255359 0.0368885 0.398745
0 0.282858 0.249453 0.0138907 0.0177759 0.366083
