2 0.537618 0.316479 0.237035 0.307151 0.927686
1 0.383894 0.0872916 0.0254457 0.171341 0.817287
0 0.474532 0.102509 0.0188147 0.143202 0.809078
0 0.824791 0.218521 0.0609436 0.0662191 0.800619
0 0.404923 0.105828 0.0202795 0.125794 0.792372
1 0.303518 0.0889136 0.0401602 0.177827 0.7905
1 0.354104 0.0905678 0.0319434 0.174938 0.777104
1 0.328194 0.0866954 0.0272855 0.170762 0.763593
2 0.643848 0.168994 0.03144 0.0313282 0.717896
3 0.14616 0.0767554 0.0114625 0.0281961 0.60213
5 0.143129 0.0349021 0.0172055 0.0433248 0.480399
3 0.829379 0.0177481 0.0106369 0.0276958 0.408951
2 0.537618 0.316479 0.237035 0.307151 0.927686
1 0.383894 0.0872916 0.0254457 0.171341 0.817287
0 0.474532 0.102509 0.0188147 0.143202 0.809078
0 0.824791 0.218521 0.0609436 0.0662191 0.800619
0 0.404923 0.105828 0.0202795 0.125794 0.792372
1 0.303518 0.0889136 0.0401602 0.177827 0.7905
1 0.354104 0.0905678 0.0319434 0.174938 0.777104
1 0.328194 0.0866954 0.0272855 0.170762 0.763593
2 0.643848 0.168994 0.03144 0.0313282 0.717896
3 0.14616 0.0767554 0.0114625 0.0281961 0.60213
5 0.143129 0.0349021 0.0172055 0.0433248 0.480399
3 0.829379 0.0177481 0.0106369 0.0276958 0.408951
2 0.537618 0.316479 0.237035 0.307151 0.927686
1 0.383894 0.0872916 0.0254457 0.171341 0.817287
0 0.474532 0.102509 0.0188147 0.143202 0.809078
0 0.824791 0.218521 0.0609436 0.0662191 0.800619
0 0.404923 0.105828 0.0202795 0.125794 0.792372
1 0.303518 0.0889136 0.0401602 0.177827 0.7905
1 0.354104 0.0905678 0.0319434 0.174938 0.777104
1 0.328194 0.0866954 0.0272855 0.170762 0.763593
2 0.643848 0.168994 0.03144 0.0313282 0.717896
3 0.14616 0.0767554 0.0114625 0.0281961 0.60213
5 0.143129 0.0349021 0.0172055 0.0433248 0.480399
3 0.829379 0.0177481 0.0106369 0.0276958 0.408951
2 0.537618 0.316479 0.237035 0.307151 0.927686
1 0.383894 0.0872916 0.0254457 0.171341 0.817287
0 0.474532 0.102509 0.0188147 0.143202 0.809078
0 0.824791 0.218521 0.0609436 0.0662191 0.800619
0 0.404923 0.105828 0.0202795 0.125794 0.792372
1 0.303518 0.0889136 0.0401602 0.177827 0.7905
1 0.354104 0.0905678 0.0319434 0.174938 0.777104
1 0.328194 0.0866954 0.0272855 0.170762 0.763593
2 0.643848 0.168994 0.03144 0.0313282 0.717896
3 0.14616 0.0767554 0.0114625 0.0281961 0.60213
5 0.143129 0.0349021 0.0172055 0.0433248 0.480399
3 0.829379 0.0177481 0.0106369 0.0276958 0.408951
