0 0.747934 0.442771 0.136263 0.304286 0.953461
0 0.478686 0.646954 0.100608 0.329192 0.950043
0 0.521596 0.472225 0.0830293 0.38342 0.915855
2 0.651873 0.0618646 0.114979 0.122282 0.863624
0 0.747934 0.442771 0.136263 0.304286 0.953461
0 0.478686 0.646954 0.100608 0.329192 0.950043
0 0.521596 0.472225 0.0830293 0.38342 0.915855
2 0.651873 0.0618646 0.114979 0.122282 0.863624
0 0.747934 0.442771 0.136263 0.304286 0.953461
0 0.478686 0.646954 0.100608 0.329192 0.950043
0 0.521596 0.472225 0.0830293 0.38342 0.915855
2 0.651873 0.0618646 0.114979 0.122282 0.863624
